-1.315999999999999896e-03
-1.315999999999999896e-03
-1.319999999999999993e-03
-1.324000000000000090e-03
-1.324000000000000090e-03
-1.327999999999999970e-03
-1.319999999999999993e-03
-1.312000000000000015e-03
-1.315999999999999896e-03
-1.343999999999999926e-03
-1.371999999999999956e-03
-1.399999999999999986e-03
-1.392000000000000008e-03
-1.312000000000000015e-03
-1.180000000000000059e-03
-1.012000000000000096e-03
-9.319999999999999942e-04
-1.056000000000000081e-03
-1.340000000000000045e-03
-1.624000000000000010e-03
-1.856000000000000011e-03
-1.876000000000000063e-03
-1.183999999999999940e-03
-4.640000000000000027e-04
-1.720000000000000066e-04
-9.200000000000000007e-05
-1.095999999999999969e-03
-2.540000000000000157e-03
-2.995999999999999965e-03
-2.516000000000000007e-03
-1.428000000000000016e-03
-4.840000000000000010e-04
-5.280000000000000405e-04
-1.255999999999999955e-03
-1.907999999999999974e-03
-2.380000000000000171e-03
-2.671999999999999896e-03
-2.364000000000000216e-03
-1.988000000000000184e-03
-1.975999999999999892e-03
-3.200000000000000153e-03
-4.440000000000000370e-03
-3.732000000000000074e-03
-7.360000000000000006e-04
1.603999999999999957e-03
1.732000000000000033e-03
1.356000000000000000e-03
-5.280000000000000405e-04
-2.079999999999999818e-03
-4.956000000000000336e-03
-5.767999999999999690e-03
-2.200000000000000078e-04
4.596000000000000259e-03
7.707999999999999574e-03
1.097599999999999965e-02
1.295199999999999997e-02
3.603999999999999999e-03
-1.106799999999999971e-02
-1.460400000000000066e-02
-1.265200000000000005e-02
-1.061199999999999991e-02
-5.492000000000000354e-03
-2.119999999999999923e-03
-5.055999999999999731e-03
-1.192000000000000004e-02
-1.812799999999999828e-02
-1.887199999999999989e-02
-1.395599999999999966e-02
-6.372000000000000060e-03
3.216000000000000109e-03
1.277200000000000037e-02
2.303200000000000039e-02
3.222799999999999970e-02
3.512400000000000244e-02
2.320399999999999893e-02
-2.299999999999999961e-03
-2.365199999999999941e-02
-3.844399999999999901e-02
-4.868800000000000211e-02
-3.735999999999999738e-02
-1.450000000000000074e-02
1.021599999999999939e-02
2.620000000000000107e-02
4.407200000000000006e-02
4.678399999999999920e-02
8.951999999999999888e-03
-2.218399999999999886e-02
-2.123999999999999846e-02
-1.612799999999999997e-02
1.560800000000000035e-02
6.250000000000000000e-02
1.043560000000000043e-01
1.181799999999999934e-01
5.460799999999999682e-02
-1.263999999999999933e-03
-1.881599999999999939e-02
-1.749200000000000060e-02
-2.675999999999999993e-03
-1.420000000000000082e-02
-1.488000000000000086e-02
3.252000000000000116e-03
-1.745999999999999983e-02
-4.336799999999999683e-02
-3.286800000000000138e-02
-2.288000000000000103e-03
-1.959999999999999937e-04
-1.156000000000000083e-02
3.011600000000000041e-02
6.941999999999999560e-02
4.023600000000000093e-02
-6.571999999999999717e-03
-6.608000000000000158e-03
-9.976000000000000492e-03
-3.640800000000000286e-02
-2.620000000000000107e-02
1.233199999999999921e-02
3.577600000000000224e-02
3.936400000000000315e-02
4.016000000000000125e-02
3.904400000000000232e-02
3.631600000000000106e-02
2.767199999999999868e-02
-4.348000000000000302e-03
-4.519999999999999712e-02
-4.072400000000000325e-02
1.846000000000000071e-02
5.328000000000000097e-02
2.458400000000000168e-02
-5.375999999999999703e-03
-1.804000000000000048e-02
-5.010400000000000270e-02
-8.360399999999999776e-02
-6.454799999999999427e-02
-1.003999999999999901e-03
3.532799999999999829e-02
1.412399999999999940e-02
-1.742000000000000146e-02
-4.676400000000000001e-02
-7.122799999999999965e-02
-5.313600000000000267e-02
2.155599999999999877e-02
6.742399999999999782e-02
2.682400000000000062e-02
-3.457999999999999963e-02
-6.564399999999999402e-02
-5.038000000000000117e-02
-1.671200000000000116e-02
1.399599999999999976e-02
4.362800000000000011e-02
4.411999999999999950e-02
2.435999999999999797e-03
-1.615600000000000022e-02
2.377200000000000146e-02
4.224800000000000083e-02
2.531999999999999876e-02
6.248000000000000081e-03
-4.130000000000000338e-02
-7.343600000000000128e-02
-5.706399999999999667e-02
-3.140799999999999842e-02
-1.716000000000000164e-02
-5.239999999999999866e-03
5.472000000000000301e-03
2.165600000000000164e-02
3.447999999999999676e-02
5.126399999999999707e-02
4.782399999999999846e-02
-1.070800000000000050e-02
-6.737200000000000133e-02
-8.109199999999999742e-02
-4.694799999999999668e-02
7.799999999999999859e-04
1.095199999999999993e-02
-1.628000000000000107e-03
-1.221599999999999943e-02
-1.910799999999999998e-02
-1.761199999999999918e-02
5.080000000000000314e-03
3.754799999999999804e-02
5.487199999999999717e-02
2.529199999999999851e-02
-4.846400000000000013e-02
-8.512799999999999534e-02
-7.431200000000000305e-02
-3.844800000000000301e-02
2.076000000000000154e-03
3.116000000000000020e-02
7.211199999999999555e-02
9.284799999999999998e-02
5.784399999999999958e-02
8.524000000000000327e-03
5.095999999999999835e-03
4.061200000000000226e-02
6.222799999999999859e-02
5.011999999999999789e-02
2.316000000000000003e-02
8.616000000000000394e-03
-2.071599999999999830e-02
-7.403600000000000458e-02
-1.037320000000000048e-01
-6.520800000000000207e-02
-1.272000000000000040e-02
6.799999999999999946e-05
4.871999999999999595e-03
1.104400000000000000e-02
9.631999999999999937e-03
-9.971999999999999961e-03
-6.067999999999999609e-03
6.387600000000000222e-02
1.131560000000000066e-01
1.080679999999999974e-01
7.810000000000000275e-02
3.324799999999999978e-02
1.018799999999999914e-02
-1.788000000000000006e-02
-5.484399999999999692e-02
-7.755199999999999594e-02
-6.816800000000000637e-02
-2.681599999999999956e-02
-1.162799999999999945e-02
-1.619599999999999859e-02
8.999999999999999754e-04
6.980000000000000093e-03
-3.055599999999999983e-02
-5.156399999999999872e-02
-7.732000000000000157e-03
4.648000000000000048e-02
4.912400000000000100e-02
2.850799999999999862e-02
2.694399999999999920e-02
3.091599999999999904e-02
-7.496000000000000059e-03
-4.450799999999999895e-02
-1.038399999999999913e-02
4.164000000000000340e-02
4.427600000000000285e-02
3.059600000000000167e-02
2.747199999999999989e-02
2.241200000000000137e-02
1.810000000000000150e-02
-2.955999999999999860e-03
-3.932800000000000185e-02
-4.821199999999999791e-02
-2.449600000000000041e-02
-7.015999999999999667e-03
1.892000000000000019e-03
1.459599999999999960e-02
1.529200000000000004e-02
-1.461600000000000052e-02
-3.978000000000000286e-02
-4.708799999999999791e-02
-2.724000000000000032e-02
3.858000000000000318e-02
7.778400000000000591e-02
6.121999999999999664e-02
4.400400000000000145e-02
3.418399999999999911e-02
-8.148000000000000728e-03
-4.304399999999999893e-02
-3.411999999999999755e-02
-3.044399999999999884e-02
-4.797599999999999781e-02
-4.513199999999999851e-02
9.199999999999999845e-03
8.214799999999999880e-02
1.102800000000000030e-01
6.244399999999999951e-02
-3.150000000000000022e-02
-8.065600000000000547e-02
-6.861599999999999644e-02
-3.732400000000000301e-02
-9.240000000000000166e-04
1.242799999999999981e-02
1.790800000000000031e-02
1.414800000000000085e-02
-3.234000000000000069e-02
-7.453200000000000103e-02
-7.713599999999999624e-02
-4.549999999999999878e-02
2.128800000000000137e-02
6.778000000000000691e-02
5.351999999999999813e-02
1.595600000000000143e-02
-1.800799999999999970e-02
-3.341999999999999832e-02
-3.098800000000000165e-02
-3.023599999999999899e-02
-2.745999999999999830e-02
-1.846799999999999831e-02
1.443200000000000038e-02
6.271599999999999397e-02
7.038400000000000212e-02
9.112000000000000308e-03
-7.629199999999999871e-02
-1.055999999999999994e-01
-6.168799999999999978e-02
1.162400000000000065e-02
5.072399999999999826e-02
7.073999999999999733e-02
6.929200000000000637e-02
-5.559999999999999621e-04
-6.153200000000000336e-02
-5.837599999999999734e-02
-2.534399999999999847e-02
2.916000000000000189e-03
-3.088000000000000033e-03
-1.212000000000000056e-02
4.248000000000000040e-03
-7.243999999999999571e-03
-2.436800000000000077e-02
-3.375999999999999834e-02
-3.168399999999999689e-02
-1.238399999999999918e-02
1.103200000000000014e-02
5.259599999999999692e-02
6.762799999999999367e-02
1.277599999999999916e-02
-6.655600000000000405e-02
-1.131840000000000068e-01
-1.158639999999999948e-01
-8.566799999999999415e-02
-1.619599999999999859e-02
2.712799999999999934e-02
1.650400000000000131e-02
-1.242000000000000048e-02
-2.854800000000000046e-02
-1.705600000000000172e-02
-1.100399999999999989e-02
-1.717199999999999976e-02
-7.755999999999999873e-03
2.498399999999999926e-02
8.358000000000000151e-02
1.468639999999999946e-01
1.426439999999999930e-01
7.858800000000000507e-02
8.092000000000000234e-03
-2.802800000000000083e-02
-1.289599999999999948e-02
1.387200000000000065e-02
7.924000000000000488e-03
-2.102400000000000102e-02
-4.862400000000000055e-02
-6.553200000000000691e-02
-7.930800000000000349e-02
-6.345599999999999852e-02
-6.603999999999999627e-03
4.301599999999999868e-02
5.220799999999999746e-02
8.588000000000000148e-03
-3.478799999999999948e-02
-3.641199999999999992e-02
-1.537200000000000025e-02
2.059199999999999919e-02
5.670399999999999746e-02
7.050399999999999723e-02
3.974400000000000155e-02
-1.690399999999999889e-02
-2.160400000000000167e-02
1.537200000000000025e-02
4.222000000000000058e-02
6.203199999999999686e-02
7.598799999999999999e-02
6.551600000000000479e-02
5.559999999999999665e-02
4.699199999999999905e-02
1.203999999999999992e-03
-5.408400000000000013e-02
-6.244799999999999657e-02
-2.074399999999999855e-02
4.739199999999999663e-02
6.761999999999999955e-02
1.846000000000000071e-02
-6.079600000000000282e-02
-1.090200000000000058e-01
-8.855599999999999583e-02
-2.165200000000000111e-02
4.523200000000000137e-02
8.605599999999999361e-02
1.098879999999999996e-01
7.855199999999999683e-02
1.319200000000000060e-02
5.504000000000000212e-03
4.504799999999999777e-02
5.373599999999999904e-02
4.557599999999999846e-02
4.091600000000000098e-02
2.450799999999999854e-02
-9.835999999999999258e-03
-4.096400000000000041e-02
-4.378399999999999653e-02
-1.908800000000000080e-02
1.398800000000000043e-02
2.795999999999999874e-03
-1.663600000000000148e-02
-1.455200000000000070e-02
-1.091199999999999982e-02
-2.762399999999999925e-02
-5.999199999999999672e-02
-7.505199999999999372e-02
-8.388400000000000023e-02
-6.949199999999999822e-02
-1.414400000000000032e-02
2.185199999999999990e-02
2.103999999999999967e-03
-2.236799999999999899e-02
-4.853199999999999875e-02
-5.457999999999999657e-02
-3.851999999999999955e-03
5.247999999999999887e-02
6.548800000000000454e-02
5.868400000000000005e-02
4.281200000000000283e-02
1.796400000000000080e-02
8.496000000000000080e-03
1.139199999999999935e-02
1.379999999999999977e-02
-1.017599999999999928e-02
-5.525599999999999956e-02
-7.351599999999999802e-02
-5.828799999999999953e-02
-3.957600000000000007e-02
-2.206400000000000028e-02
7.179999999999999750e-03
2.643600000000000116e-02
1.034799999999999956e-02
-2.322000000000000106e-02
-2.879599999999999868e-02
-1.166400000000000076e-02
-8.044000000000000802e-03
1.949999999999999997e-02
8.767199999999999993e-02
1.234360000000000041e-01
9.999199999999999755e-02
4.391199999999999964e-02
-2.149200000000000069e-02
-4.794000000000000344e-02
-3.351200000000000012e-02
-8.311999999999999944e-03
1.756800000000000028e-02
2.572800000000000087e-02
4.648000000000000222e-03
-2.798799999999999899e-02
-4.402799999999999769e-02
-3.081599999999999964e-02
-9.343999999999999875e-03
1.080000000000000057e-02
6.099999999999999867e-02
8.341999999999999416e-02
5.472400000000000181e-02
3.500000000000000073e-03
-6.477199999999999624e-02
-1.011880000000000002e-01
-1.131759999999999988e-01
-8.398799999999999322e-02
-1.319999999999999993e-02
5.203200000000000186e-02
7.492000000000000048e-02
8.019199999999999939e-02
1.064920000000000033e-01
1.068280000000000063e-01
5.306400000000000006e-02
-2.907999999999999995e-03
-1.026400000000000055e-02
-5.643999999999999712e-03
-1.485599999999999941e-02
-1.268400000000000083e-02
1.207599999999999993e-02
4.771199999999999747e-02
6.627600000000000158e-02
5.397199999999999914e-02
2.971599999999999936e-02
1.541599999999999915e-02
-2.868800000000000169e-02
-8.172000000000000097e-02
-9.093999999999999306e-02
-7.880399999999999905e-02
-6.666800000000000503e-02
-3.422000000000000042e-02
2.420399999999999982e-02
3.911599999999999799e-02
1.046000000000000055e-02
1.745599999999999929e-02
6.635199999999999432e-02
8.971600000000000408e-02
4.869199999999999917e-02
1.340000000000000045e-02
1.480799999999999998e-02
-1.042799999999999977e-02
-4.420400000000000024e-02
-4.592799999999999661e-02
-5.158000000000000085e-02
-6.678399999999999614e-02
-6.918000000000000538e-02
-5.729599999999999971e-02
-2.997999999999999970e-02
-1.001200000000000007e-02
-3.519999999999999908e-04
2.152000000000000093e-02
4.796000000000000263e-02
5.865200000000000274e-02
3.422800000000000148e-02
-1.541200000000000035e-02
-6.017200000000000326e-02
-6.776400000000000479e-02
-5.423999999999999655e-02
-3.700799999999999923e-02
-1.548000000000000070e-02
1.748800000000000007e-02
2.599999999999999881e-02
8.635999999999999580e-03
1.221599999999999943e-02
9.995999999999999677e-03
-2.759599999999999900e-02
-5.804800000000000237e-02
-3.675599999999999701e-02
1.440000000000000091e-03
2.399999999999999790e-03
-3.025600000000000164e-02
-6.000799999999999884e-02
-6.994799999999999629e-02
-5.359200000000000075e-02
-2.827199999999999852e-02
1.217200000000000053e-02
4.428399999999999698e-02
-2.464000000000000044e-03
-5.915600000000000025e-02
-4.341199999999999920e-02
-2.275999999999999898e-02
-2.882399999999999893e-02
-4.243199999999999750e-02
-3.132399999999999768e-02
9.447999999999999801e-03
2.818800000000000125e-02
1.068000000000000026e-02
-9.187999999999999987e-03
-1.598000000000000115e-02
-1.826799999999999952e-02
-1.415600000000000018e-02
3.180000000000000101e-03
1.468799999999999967e-02
5.764000000000000026e-03
5.527999999999999928e-03
2.329200000000000020e-02
4.169199999999999989e-02
3.308799999999999936e-02
-4.723999999999999901e-03
-1.663200000000000095e-02
9.476000000000000048e-03
4.752800000000000080e-02
7.712800000000000211e-02
7.694399999999999851e-02
4.807600000000000068e-02
1.065200000000000001e-02
-1.750000000000000167e-02
-4.281200000000000283e-02
-5.545200000000000129e-02
-4.094400000000000123e-02
-3.832399999999999696e-02
-5.478399999999999936e-02
-3.989600000000000091e-02
2.415600000000000039e-02
6.575200000000000489e-02
6.697999999999999787e-02
5.449999999999999983e-02
2.582399999999999973e-02
5.107999999999999693e-03
-5.432000000000000196e-03
8.163999999999999382e-03
5.426799999999999680e-02
9.184399999999999509e-02
9.942800000000000249e-02
8.999600000000000655e-02
6.371200000000000474e-02
9.532000000000000542e-03
-6.077199999999999963e-02
-9.178799999999999459e-02
-7.745199999999999307e-02
-3.512799999999999950e-02
1.678400000000000031e-02
2.964400000000000021e-02
1.976400000000000032e-02
8.659999999999999296e-03
-1.103600000000000067e-02
-1.891999999999999932e-02
-2.442799999999999833e-02
-2.461599999999999899e-02
2.132799999999999974e-02
6.338799999999999990e-02
3.303999999999999992e-02
-4.807600000000000068e-02
-7.559200000000000641e-02
-4.896400000000000058e-02
-2.621199999999999919e-02
1.490000000000000005e-02
4.223999999999999977e-02
3.712000000000000022e-02
2.418800000000000117e-02
1.771599999999999911e-02
1.831599999999999895e-02
2.174399999999999944e-02
1.969600000000000170e-02
3.863999999999999813e-03
-8.600000000000000006e-03
3.499200000000000227e-02
7.845199999999999396e-02
4.737999999999999851e-02
-1.966400000000000092e-02
-6.207599999999999923e-02
-7.072399999999999520e-02
-8.000000000000000167e-02
-8.051200000000000023e-02
-5.360399999999999887e-02
-2.182800000000000018e-02
-2.541200000000000056e-02
-6.092000000000000193e-02
-6.783200000000000340e-02
-3.064400000000000110e-02
-3.363999999999999803e-03
-7.792000000000000315e-03
-3.154400000000000259e-02
-4.567999999999999838e-02
-3.481200000000000266e-02
5.879999999999999810e-04
4.053199999999999859e-02
5.229999999999999927e-02
5.325599999999999778e-02
3.793200000000000044e-02
-4.127999999999999725e-03
-3.928399999999999948e-02
-5.386799999999999922e-02
-5.677200000000000302e-02
-3.272400000000000309e-02
1.765200000000000102e-02
4.845599999999999907e-02
4.799199999999999994e-02
7.296000000000000402e-03
-3.336399999999999783e-02
-4.893999999999999739e-02
-3.367200000000000054e-02
1.585599999999999857e-02
7.320400000000000518e-02
8.384400000000000186e-02
2.239999999999999977e-02
-4.490799999999999653e-02
-7.312000000000000444e-02
-5.458799999999999764e-02
-6.527999999999999949e-03
4.032800000000000273e-02
6.017200000000000326e-02
3.191999999999999699e-02
-2.259200000000000097e-02
-5.599599999999999717e-02
-4.940800000000000053e-02
1.334399999999999996e-02
9.809199999999999864e-02
1.277439999999999964e-01
1.036559999999999981e-01
4.547600000000000253e-02
-1.865999999999999950e-02
-2.970799999999999830e-02
-2.504000000000000149e-03
1.032399999999999984e-02
1.131999999999999977e-03
2.799999999999999972e-03
9.424000000000000085e-03
-8.727999999999999647e-03
-2.477599999999999941e-02
-1.816800000000000012e-02
1.368399999999999998e-02
4.587999999999999717e-02
3.491199999999999859e-02
1.547999999999999897e-03
-2.395200000000000107e-02
-2.925600000000000075e-02
-2.388799999999999951e-02
4.271999999999999756e-03
4.883599999999999747e-02
4.311600000000000155e-02
1.237199999999999932e-02
-1.254000000000000080e-02
-4.035199999999999898e-02
-4.136000000000000093e-02
8.063999999999999987e-03
4.503599999999999964e-02
5.584000000000000075e-02
7.481599999999999362e-02
6.968799999999999994e-02
3.586000000000000298e-02
-8.288000000000000228e-03
-4.802000000000000018e-02
-6.234399999999999664e-02
-5.005199999999999927e-02
-1.071199999999999930e-02
4.017199999999999938e-02
5.605199999999999766e-02
4.067599999999999688e-02
-2.191999999999999938e-03
-6.532000000000000306e-02
-9.593599999999999350e-02
-9.588800000000000101e-02
-8.619999999999999885e-02
-2.526400000000000173e-02
3.522000000000000131e-02
6.064800000000000052e-02
5.641199999999999687e-02
3.787599999999999995e-02
4.079599999999999893e-02
6.710800000000000098e-02
7.466000000000000414e-02
3.357600000000000168e-02
1.314000000000000064e-02
2.756000000000000116e-02
1.737199999999999855e-02
8.439999999999999586e-03
1.418799999999999922e-02
2.388399999999999898e-02
2.382799999999999849e-02
-4.159999999999999744e-04
-2.303200000000000039e-02
-1.962799999999999961e-02
-7.372000000000000081e-03
-7.672000000000000000e-03
-8.592000000000000678e-03
1.044800000000000069e-02
1.634800000000000142e-02
-5.784000000000000079e-03
-1.865599999999999897e-02
-9.232000000000000622e-03
1.360800000000000030e-02
3.280000000000000276e-02
4.734000000000000014e-02
3.872799999999999854e-02
1.071599999999999983e-02
-9.155999999999999209e-03
-4.075999999999999762e-03
-3.592000000000000141e-03
1.515999999999999986e-03
-6.303999999999999708e-03
-5.002399999999999902e-02
-8.296800000000000008e-02
-9.568400000000000516e-02
-8.419999999999999707e-02
-4.307199999999999918e-02
3.371999999999999997e-03
3.824799999999999728e-02
7.528799999999999382e-02
9.874399999999999844e-02
6.128399999999999820e-02
-3.753599999999999992e-02
-1.231280000000000013e-01
-1.587999999999999967e-01
-1.558920000000000028e-01
-1.060880000000000017e-01
-2.646400000000000141e-02
4.586799999999999905e-02
5.680799999999999739e-02
-8.935999999999999499e-03
-7.122000000000000552e-02
-8.117199999999999416e-02
-5.485199999999999798e-02
-9.364000000000000795e-03
4.121600000000000263e-02
7.826400000000000023e-02
6.968399999999999594e-02
1.075599999999999994e-02
-3.842399999999999982e-02
-5.188399999999999956e-02
-5.929999999999999855e-02
-2.684399999999999981e-02
4.097599999999999854e-02
6.706800000000000261e-02
4.226800000000000002e-02
1.729999999999999941e-02
1.513600000000000015e-02
5.484000000000000159e-03
-1.353599999999999942e-02
-1.454800000000000017e-02
-2.507999999999999813e-03
-1.074400000000000008e-02
-1.926399999999999987e-02
-6.176000000000000066e-03
-1.636000000000000084e-03
-1.230400000000000070e-02
-4.792000000000000252e-03
3.032400000000000026e-02
3.179599999999999788e-02
-1.436800000000000056e-02
-3.617999999999999688e-02
-2.957999999999999866e-02
-2.724000000000000032e-02
-1.737599999999999908e-02
1.001200000000000007e-02
3.636000000000000343e-02
3.502399999999999958e-02
3.665199999999999708e-02
7.557999999999999441e-02
1.135120000000000018e-01
1.110119999999999996e-01
6.002799999999999803e-02
9.891999999999999751e-03
-2.623599999999999891e-02
-4.591599999999999848e-02
-3.406399999999999706e-02
1.015999999999999976e-03
3.211200000000000165e-02
4.625599999999999851e-02
4.018399999999999750e-02
2.769599999999999840e-02
3.075999999999999915e-02
5.259599999999999692e-02
6.826400000000000523e-02
5.582000000000000156e-02
3.116800000000000126e-02
9.183999999999999456e-03
-3.270800000000000096e-02
-7.381999999999999673e-02
-6.866400000000000281e-02
-3.875200000000000172e-02
-3.315599999999999797e-02
-4.538799999999999779e-02
-4.084000000000000130e-02
-1.423999999999999919e-02
5.815999999999999989e-03
2.179199999999999887e-02
4.256399999999999767e-02
6.588800000000000212e-02
4.672400000000000164e-02
-2.068400000000000100e-02
-2.718800000000000036e-02
-1.265600000000000058e-02
-3.982800000000000229e-02
-6.430800000000000405e-02
-5.239200000000000107e-02
-3.111999999999999836e-02
-3.155999999999999778e-02
-4.379199999999999759e-02
-4.847200000000000120e-02
-3.728800000000000170e-02
-2.504800000000000082e-02
-1.751600000000000032e-02
-1.970399999999999929e-02
-2.954800000000000135e-02
-5.163199999999999734e-02
-8.606800000000000561e-02
-8.504000000000000448e-02
-3.032800000000000079e-02
3.214399999999999896e-02
8.063199999999999534e-02
9.754799999999999582e-02
8.249599999999999989e-02
7.759199999999999431e-02
5.759199999999999736e-02
1.754000000000000004e-02
-1.881599999999999939e-02
-4.897200000000000164e-02
-7.266000000000000236e-02
-7.092400000000000093e-02
-3.477600000000000136e-02
2.220000000000000098e-02
7.421600000000000419e-02
7.568400000000000127e-02
5.190399999999999875e-02
2.484400000000000150e-02
-2.769999999999999893e-02
-5.198400000000000243e-02
-2.382400000000000143e-02
1.410400000000000022e-02
5.165999999999999759e-02
6.263199999999999323e-02
4.412399999999999656e-02
2.882399999999999893e-02
3.017600000000000143e-02
4.776400000000000090e-02
5.610799999999999815e-02
3.950800000000000145e-02
3.817999999999999866e-02
6.226799999999999696e-02
7.810799999999999688e-02
5.555999999999999828e-02
-5.712000000000000063e-03
-7.824399999999999411e-02
-1.366040000000000032e-01
-1.514199999999999990e-01
-1.227919999999999984e-01
-6.809199999999999975e-02
-5.971999999999999878e-03
3.359199999999999686e-02
4.385599999999999915e-02
3.812800000000000217e-02
1.287600000000000029e-02
-2.111999999999999988e-02
-4.790799999999999920e-02
-7.090799999999999881e-02
-8.010399999999999465e-02
-6.311600000000000543e-02
-2.889600000000000155e-02
-1.486799999999999927e-02
-9.747999999999999721e-03
1.532799999999999961e-02
3.332399999999999946e-02
4.780800000000000327e-02
6.028800000000000131e-02
4.964799999999999769e-02
2.600399999999999934e-02
2.160000000000000114e-02
3.549200000000000271e-02
3.622399999999999926e-02
2.995599999999999999e-02
4.023600000000000093e-02
6.198800000000000143e-02
5.253599999999999937e-02
-1.200799999999999958e-02
-6.988800000000000567e-02
-8.506800000000000472e-02
-6.021599999999999869e-02
-1.455200000000000070e-02
5.223599999999999771e-02
9.168800000000000561e-02
5.442400000000000015e-02
-9.200000000000000007e-05
-5.473200000000000287e-02
-9.629600000000000659e-02
-1.009840000000000043e-01
-8.110399999999999554e-02
-3.988799999999999985e-02
-1.232000000000000022e-03
2.437999999999999889e-02
4.981200000000000211e-02
6.089599999999999874e-02
4.437599999999999878e-02
2.576000000000000165e-02
2.497600000000000167e-02
3.839200000000000251e-02
5.058399999999999702e-02
3.167600000000000277e-02
-1.031999999999999931e-02
-2.601200000000000040e-02
-2.416799999999999851e-02
-2.488800000000000040e-02
-2.112000000000000162e-03
4.757200000000000317e-02
1.000439999999999940e-01
1.200360000000000038e-01
1.193840000000000040e-01
1.068240000000000023e-01
6.264799999999999536e-02
2.464000000000000044e-03
-4.475599999999999717e-02
-7.870800000000000018e-02
-9.104399999999999993e-02
-7.005200000000000315e-02
-3.830000000000000071e-02
-6.179999999999999730e-03
1.861200000000000007e-02
1.568800000000000056e-02
1.136000000000000074e-03
-1.183999999999999983e-02
-2.728799999999999976e-02
-4.830799999999999678e-02
-7.975200000000000344e-02
-1.227199999999999958e-01
-1.713240000000000041e-01
-1.802040000000000031e-01
-1.485879999999999979e-01
-1.154079999999999967e-01
-7.255999999999999950e-02
-3.355199999999999849e-02
1.700399999999999828e-02
6.931199999999999861e-02
6.767600000000000005e-02
3.622000000000000219e-02
5.876000000000000147e-03
-3.195599999999999830e-02
-7.247599999999999876e-02
-8.738799999999999346e-02
-7.724799999999999722e-02
-8.752400000000000457e-02
-1.022239999999999954e-01
-7.778000000000000191e-02
-1.382800000000000001e-02
5.075999999999999956e-02
8.929600000000000037e-02
1.137399999999999939e-01
1.368880000000000097e-01
1.328600000000000059e-01
9.180000000000000659e-02
6.564799999999999802e-02
7.630000000000000671e-02
7.373200000000000587e-02
3.929599999999999760e-02
2.117199999999999985e-02
3.949199999999999933e-02
6.061600000000000321e-02
5.873599999999999655e-02
5.094400000000000317e-02
6.049600000000000116e-02
9.034000000000000363e-02
8.297599999999999421e-02
2.946800000000000114e-02
-1.912000000000000158e-02
-3.984800000000000147e-02
-1.467599999999999981e-02
2.839600000000000110e-02
6.267599999999999560e-02
6.723600000000000410e-02
4.957600000000000201e-02
3.994799999999999740e-02
3.640000000000000180e-02
2.781199999999999992e-02
2.424799999999999872e-02
3.957600000000000007e-02
6.407999999999999807e-02
7.783600000000000241e-02
5.913199999999999706e-02
3.592800000000000160e-02
2.973200000000000148e-02
1.867999999999999869e-02
1.662800000000000042e-02
1.651599999999999943e-02
-1.027199999999999988e-02
-4.245199999999999668e-02
-4.993199999999999722e-02
-2.697599999999999998e-02
2.108000000000000065e-03
2.108000000000000065e-03
-2.232000000000000043e-03
-3.296799999999999731e-02
-1.058719999999999939e-01
-1.554760000000000031e-01
-1.348920000000000119e-01
-6.475200000000000400e-02
-1.770000000000000046e-02
8.536000000000000185e-03
3.355199999999999849e-02
1.755599999999999869e-02
-3.067599999999999841e-02
-6.573199999999999876e-02
-6.726400000000000434e-02
-2.605999999999999983e-02
1.829199999999999923e-02
2.960799999999999890e-02
2.295200000000000018e-02
1.152399999999999952e-02
3.563999999999999894e-03
1.974800000000000166e-02
4.439599999999999796e-02
5.052000000000000240e-02
2.862400000000000014e-02
-1.717199999999999976e-02
-3.310799999999999854e-02
-5.207999999999999956e-03
3.321600000000000247e-02
6.133600000000000163e-02
8.754000000000000670e-02
8.019199999999999939e-02
2.248800000000000104e-02
-1.140799999999999974e-02
-3.031199999999999867e-02
-6.899600000000000177e-02
-9.070000000000000284e-02
-8.980799999999999894e-02
-7.293600000000000083e-02
-4.395199999999999801e-02
-2.575200000000000058e-02
-2.097600000000000159e-02
-1.435200000000000017e-02
-8.531999999999999654e-03
-1.442399999999999932e-02
-2.361600000000000157e-02
-2.834000000000000061e-02
-1.939199999999999952e-02
3.040000000000000167e-04
-9.639999999999999264e-03
-5.437999999999999778e-02
-6.725200000000000622e-02
-4.540000000000000285e-02
-4.035600000000000298e-02
-4.795200000000000157e-02
-3.688799999999999718e-02
-4.539999999999999765e-03
2.772000000000000158e-02
3.674800000000000288e-02
2.404799999999999993e-02
8.156000000000000055e-03
-1.998000000000000123e-02
-5.546800000000000341e-02
-7.200800000000000256e-02
-7.030400000000000538e-02
-4.697599999999999693e-02
-6.420000000000000359e-03
2.923600000000000157e-02
4.510000000000000120e-02
5.519199999999999801e-02
6.044000000000000067e-02
5.078799999999999981e-02
3.779199999999999920e-02
4.028000000000000330e-02
7.362799999999999900e-02
8.905200000000000615e-02
5.764799999999999786e-02
2.048799999999999927e-02
-2.385200000000000167e-02
-4.350799999999999806e-02
-1.201600000000000064e-02
4.155999999999999972e-02
1.020599999999999979e-01
1.339559999999999917e-01
1.063800000000000023e-01
5.188399999999999956e-02
-6.104000000000000051e-03
-4.929599999999999954e-02
-6.825199999999999323e-02
-7.333599999999999841e-02
-6.491600000000000148e-02
-4.676799999999999707e-02
-3.601200000000000234e-02
-3.542399999999999716e-02
3.540000000000000178e-03
3.717600000000000071e-02
4.077999999999999681e-02
2.733199999999999866e-02
-4.400000000000000265e-03
-3.349200000000000094e-02
-4.881200000000000122e-02
-4.903199999999999920e-02
-4.421200000000000130e-02
-3.821599999999999997e-02
-3.027200000000000030e-02
-3.597199999999999703e-02
-4.936000000000000110e-02
-3.582799999999999874e-02
-4.640000000000000027e-03
1.167999999999999984e-03
-1.442399999999999932e-02
-2.213999999999999996e-02
-1.411600000000000008e-02
-5.355999999999999650e-03
5.692000000000000011e-03
1.252400000000000041e-02
-9.487999999999999906e-03
-4.249200000000000199e-02
-5.429599999999999704e-02
-3.875599999999999878e-02
3.295999999999999885e-03
5.232400000000000245e-02
5.801599999999999813e-02
3.186800000000000049e-02
1.369599999999999984e-02
1.296800000000000036e-02
2.185600000000000043e-02
2.611199999999999979e-02
3.759999999999999887e-03
-2.857200000000000017e-02
-4.856800000000000006e-02
-5.724800000000000028e-02
-5.899200000000000277e-02
-3.509199999999999819e-02
1.148799999999999995e-02
4.123199999999999782e-02
5.973200000000000037e-02
5.225599999999999690e-02
1.840800000000000075e-02
-9.024000000000000771e-03
-2.563999999999999960e-02
-4.100800000000000278e-02
-5.077600000000000169e-02
-4.611200000000000021e-02
-4.231599999999999945e-02
-2.924399999999999916e-02
-8.231999999999999734e-03
1.283199999999999966e-02
3.348000000000000281e-02
5.257599999999999774e-02
6.348800000000000276e-02
5.102399999999999991e-02
3.300800000000000262e-02
7.243999999999999571e-03
-7.308000000000000260e-03
4.000000000000000192e-04
-2.053200000000000164e-02
-5.353999999999999732e-02
-5.938000000000000222e-02
-4.469200000000000256e-02
-2.970000000000000070e-02
-9.348000000000000406e-03
4.447999999999999697e-03
7.119999999999999593e-03
1.807999999999999885e-02
1.984000000000000086e-03
-2.571599999999999928e-02
-3.666400000000000214e-02
-4.768399999999999722e-02
-4.760400000000000048e-02
-4.288800000000000251e-02
-3.043999999999999831e-02
1.329600000000000053e-02
5.506799999999999889e-02
6.427599999999999980e-02
3.797600000000000281e-02
3.243999999999999662e-02
6.499199999999999422e-02
9.360400000000000664e-02
1.050399999999999945e-01
9.326800000000000368e-02
7.075599999999999945e-02
3.442800000000000027e-02
6.560000000000000076e-04
1.142800000000000066e-02
3.282399999999999901e-02
9.360000000000000264e-03
-2.468800000000000161e-02
-6.983999999999999757e-03
5.087200000000000055e-02
9.538000000000000644e-02
7.479199999999999737e-02
2.410800000000000096e-02
1.399999999999999877e-04
-2.501600000000000004e-02
-5.018399999999999944e-02
-6.078800000000000175e-02
-6.775599999999999679e-02
-6.832399999999999585e-02
-5.103599999999999803e-02
3.026399999999999924e-02
1.138040000000000024e-01
1.267479999999999996e-01
1.034039999999999959e-01
6.167999999999999872e-02
1.514000000000000068e-02
-2.578000000000000083e-02
-4.689200000000000312e-02
-4.945999999999999702e-02
-4.434400000000000147e-02
-4.578000000000000125e-02
-5.562399999999999983e-02
-5.031599999999999961e-02
-1.651999999999999996e-02
1.839199999999999863e-02
4.783199999999999952e-02
9.668799999999999617e-02
1.612840000000000107e-01
1.629279999999999895e-01
7.663999999999999979e-02
-2.003200000000000119e-02
-1.075720000000000010e-01
-1.649960000000000038e-01
-1.568599999999999994e-01
-1.330759999999999998e-01
-1.265000000000000013e-01
-1.386040000000000050e-01
-1.568839999999999957e-01
-1.351479999999999904e-01
-3.243999999999999662e-02
9.045999999999999874e-02
1.460400000000000031e-01
1.517360000000000098e-01
1.032679999999999987e-01
1.716399999999999870e-02
-6.340800000000000602e-02
-1.226040000000000046e-01
-1.414279999999999982e-01
-1.272119999999999918e-01
-9.768000000000000294e-02
-6.095199999999999924e-02
-2.188800000000000121e-02
1.931599999999999984e-02
4.717199999999999865e-02
6.166399999999999659e-02
6.980400000000000493e-02
7.043599999999999861e-02
5.241200000000000025e-02
6.355999999999999671e-03
-1.421599999999999947e-02
-1.968800000000000064e-02
-3.826800000000000340e-02
-9.224400000000000654e-02
-1.626839999999999953e-01
-1.602399999999999936e-01
-9.176399999999999835e-02
-7.167999999999999892e-03
6.064400000000000346e-02
1.001279999999999948e-01
1.044240000000000029e-01
8.525599999999999845e-02
3.917600000000000249e-02
-2.377599999999999852e-02
-6.212399999999999867e-02
-6.838400000000000034e-02
-6.814800000000000024e-02
-5.330800000000000122e-02
-4.015999999999999605e-03
4.963999999999999663e-02
1.117279999999999940e-01
1.573759999999999881e-01
1.795720000000000094e-01
1.876160000000000050e-01
1.534600000000000131e-01
7.367600000000000537e-02
-2.696000000000000132e-02
-7.160400000000000098e-02
-6.299200000000000632e-02
-3.904799999999999938e-02
-7.187999999999999945e-03
3.967999999999999999e-02
1.084040000000000004e-01
1.422879999999999978e-01
1.521359999999999935e-01
1.487799999999999956e-01
9.669200000000000017e-02
2.113200000000000148e-02
-4.997999999999999665e-02
-8.279599999999999460e-02
-7.674400000000000666e-02
-8.336000000000000354e-02
-1.031320000000000014e-01
-1.102400000000000047e-01
-1.062160000000000049e-01
-9.553200000000000580e-02
-7.009600000000000553e-02
-1.541599999999999915e-02
5.947600000000000109e-02
1.139759999999999940e-01
1.295000000000000040e-01
1.160840000000000066e-01
9.011600000000000166e-02
6.383999999999999397e-02
1.998000000000000123e-02
-2.823200000000000015e-02
-6.263199999999999323e-02
-6.705999999999999461e-02
-3.918800000000000061e-02
-1.022799999999999924e-02
-4.836000000000000021e-03
1.603200000000000111e-02
4.473599999999999799e-02
2.851599999999999968e-02
2.609600000000000114e-02
3.529999999999999805e-02
7.692000000000000053e-03
-4.192799999999999999e-02
-8.268799999999999761e-02
-1.016839999999999966e-01
-1.192959999999999993e-01
-1.136520000000000030e-01
-6.663199999999999679e-02
-1.600000000000000033e-02
2.125600000000000059e-02
3.937999999999999834e-02
3.491999999999999965e-02
1.409200000000000036e-02
-1.832400000000000001e-02
-3.082800000000000124e-02
-2.762399999999999925e-02
-4.483600000000000085e-02
-6.250400000000000400e-02
-4.386000000000000315e-02
-1.228399999999999978e-02
8.600000000000000006e-03
1.281200000000000047e-02
1.183200000000000050e-02
1.543199999999999954e-02
1.017999999999999981e-02
2.131999999999999867e-02
6.507200000000000484e-02
9.351199999999999790e-02
7.648000000000000631e-02
1.471199999999999938e-02
-4.495999999999999996e-02
-7.725200000000000122e-02
-9.705199999999999938e-02
-8.636800000000000033e-02
-2.842400000000000135e-02
3.195200000000000123e-02
7.654800000000000493e-02
9.675999999999999879e-02
7.123200000000000365e-02
2.776800000000000102e-02
-9.903999999999999609e-03
-3.170800000000000007e-02
-4.567600000000000132e-02
-5.213600000000000179e-02
-5.628799999999999776e-02
-6.183999999999999914e-02
-4.242400000000000337e-02
-1.109199999999999943e-02
1.138400000000000002e-02
3.028399999999999842e-02
3.713999999999999940e-02
2.614000000000000004e-02
1.603200000000000111e-02
-1.231600000000000056e-02
-5.450399999999999689e-02
-3.731199999999999795e-02
-3.079999999999999839e-03
2.065200000000000022e-02
4.591200000000000142e-02
3.019200000000000009e-02
-1.807599999999999832e-02
-6.367200000000000637e-02
-6.968000000000000582e-02
-5.918799999999999756e-02
-5.057600000000000290e-02
-4.961600000000000038e-02
-6.247599999999999681e-02
-8.015600000000000502e-02
-8.272400000000000586e-02
-6.170400000000000190e-02
-2.446399999999999963e-02
2.876000000000000084e-02
6.866400000000000281e-02
7.566799999999999915e-02
5.646799999999999736e-02
3.101200000000000137e-02
2.268000000000000051e-03
-1.956400000000000153e-02
-1.149599999999999927e-02
1.098799999999999950e-02
2.827199999999999852e-02
3.174799999999999844e-02
1.800799999999999970e-02
1.244000000000000097e-03
-1.247999999999999977e-02
-1.036800000000000048e-02
-3.108000000000000086e-03
7.908000000000000099e-03
2.471999999999999805e-03
-3.967199999999999893e-02
-7.571200000000000152e-02
-8.417600000000000082e-02
-5.536399999999999655e-02
-9.008000000000000382e-03
3.295599999999999918e-02
6.199600000000000249e-02
5.657199999999999729e-02
3.417599999999999805e-02
1.610400000000000026e-02
2.445999999999999910e-02
4.971199999999999924e-02
8.680000000000000215e-02
1.255479999999999929e-01
1.293999999999999873e-01
1.216239999999999960e-01
1.260920000000000096e-01
1.396280000000000021e-01
1.529280000000000084e-01
1.382919999999999983e-01
9.957599999999999785e-02
5.396399999999999808e-02
1.439999999999999961e-02
-1.301599999999999979e-02
-2.742800000000000099e-02
-4.358000000000000068e-02
-7.276000000000000523e-02
-8.889600000000000279e-02
-6.913199999999999901e-02
-2.165600000000000164e-02
1.475199999999999949e-02
2.478400000000000047e-02
1.007199999999999936e-02
-2.853199999999999834e-02
-6.708400000000000474e-02
-1.088999999999999968e-01
-1.484759999999999969e-01
-1.383560000000000068e-01
-8.160000000000000586e-02
-3.874400000000000066e-02
-1.435999999999999950e-02
4.475999999999999944e-03
6.880000000000000265e-04
-1.144000000000000052e-02
-1.579600000000000101e-02
-3.024000000000000212e-03
1.966800000000000145e-02
4.953599999999999670e-02
7.272800000000000098e-02
8.016800000000000315e-02
8.096799999999999831e-02
7.134799999999999476e-02
5.234400000000000164e-02
3.592399999999999760e-02
3.966399999999999787e-02
4.325600000000000278e-02
3.389600000000000252e-02
4.021999999999999881e-02
4.770800000000000041e-02
5.354799999999999838e-02
5.969200000000000200e-02
4.787600000000000189e-02
3.187999999999999862e-02
1.751199999999999979e-02
-7.380000000000000275e-03
-1.839999999999999969e-02
-1.008799999999999975e-02
3.299999999999999982e-03
-1.227999999999999925e-03
-1.878799999999999915e-02
-2.996400000000000105e-02
-4.476399999999999824e-02
-4.166000000000000258e-02
-2.097200000000000106e-02
3.459999999999999968e-03
2.825199999999999934e-02
3.475199999999999817e-02
2.385599999999999873e-02
1.171200000000000019e-02
-8.099999999999999561e-03
-2.456399999999999903e-02
-1.470800000000000059e-02
1.696000000000000025e-03
1.264799999999999952e-02
1.653200000000000155e-02
4.211999999999999598e-03
-3.368000000000000160e-02
-6.914800000000000113e-02
-7.193199999999999594e-02
-5.267600000000000060e-02
-2.680400000000000144e-02
-1.595200000000000090e-02
-4.141999999999999849e-02
-7.917200000000000626e-02
-9.438000000000000556e-02
-6.967600000000000182e-02
-2.850799999999999862e-02
1.959999999999999937e-02
5.674400000000000277e-02
4.444399999999999740e-02
3.763999999999999985e-02
4.605999999999999678e-02
4.659599999999999853e-02
3.943200000000000177e-02
9.520000000000000684e-03
-4.235599999999999782e-02
-8.222799999999999554e-02
-8.145600000000000063e-02
-6.975199999999999456e-02
-5.050400000000000028e-02
-3.352800000000000225e-02
-3.951199999999999851e-02
-3.880800000000000222e-02
-1.719599999999999948e-02
4.415999999999999787e-03
2.027199999999999835e-02
3.656399999999999928e-02
3.674399999999999888e-02
1.730800000000000047e-02
2.247999999999999998e-03
6.608000000000000158e-03
9.799999999999999684e-03
1.170400000000000086e-02
1.329200000000000000e-02
-4.224000000000000324e-03
-3.479600000000000054e-02
-4.424000000000000155e-02
-2.326800000000000049e-02
8.472000000000000364e-03
3.078799999999999940e-02
2.877599999999999950e-02
2.580400000000000055e-02
2.602399999999999852e-02
1.478800000000000080e-02
1.574800000000000158e-02
2.457600000000000062e-02
2.800400000000000111e-02
4.073199999999999737e-02
3.540800000000000197e-02
9.159999999999999740e-03
