7.209000000000000130e-03
7.238999999999999775e-03
7.274000000000000084e-03
7.303999999999999729e-03
7.339000000000000037e-03
7.379000000000000142e-03
7.424000000000000044e-03
7.464000000000000148e-03
7.498999999999999590e-03
7.518000000000000377e-03
7.523000000000000173e-03
7.518000000000000377e-03
7.488999999999999997e-03
7.444000000000000096e-03
7.374000000000000346e-03
7.294000000000000136e-03
7.258999999999999828e-03
7.243999999999999571e-03
7.209000000000000130e-03
7.184000000000000281e-03
7.079000000000000223e-03
6.819000000000000408e-03
6.453999999999999668e-03
6.153999999999999748e-03
6.099000000000000254e-03
6.164000000000000208e-03
6.309000000000000372e-03
5.674000000000000224e-03
3.124000000000000041e-03
4.749999999999999990e-04
-2.349999999999999930e-04
9.250000000000000409e-04
3.658999999999999926e-03
7.597999999999999719e-03
1.214800000000000081e-02
1.663200000000000095e-02
2.054599999999999829e-02
2.225099999999999995e-02
2.141099999999999948e-02
1.935600000000000168e-02
1.561199999999999914e-02
1.044299999999999916e-02
4.598999999999999790e-03
-2.014999999999999864e-03
-1.041300000000000038e-02
-2.022099999999999939e-02
-2.891399999999999873e-02
-3.157399999999999790e-02
-2.036599999999999869e-02
2.095000000000000074e-03
2.138100000000000070e-02
3.102399999999999949e-02
3.336299999999999683e-02
2.914399999999999977e-02
1.800099999999999964e-02
3.203999999999999817e-03
-8.507999999999999938e-03
-1.404700000000000046e-02
-1.437199999999999936e-02
-1.252699999999999994e-02
-1.137799999999999923e-02
-9.487999999999999906e-03
-1.559999999999999972e-03
1.047299999999999967e-02
1.848599999999999896e-02
1.989600000000000049e-02
1.662200000000000136e-02
8.977999999999999869e-03
-7.028999999999999658e-03
-2.630499999999999852e-02
-3.868200000000000111e-02
-4.811499999999999805e-02
-5.863299999999999762e-02
-6.840599999999999459e-02
-7.535500000000000531e-02
-6.949600000000000222e-02
-4.395099999999999701e-02
-3.853999999999999787e-03
3.012899999999999953e-02
4.592099999999999654e-02
6.114800000000000096e-02
6.945600000000000385e-02
5.061999999999999833e-02
2.186099999999999849e-02
3.350000000000000113e-04
-2.109099999999999864e-02
-4.859499999999999931e-02
-7.573499999999999677e-02
-8.296800000000000008e-02
-6.054799999999999766e-02
-3.466299999999999937e-02
-1.319700000000000040e-02
2.847900000000000084e-02
6.203299999999999786e-02
5.873300000000000048e-02
4.400600000000000345e-02
4.487100000000000116e-02
5.235999999999999682e-02
4.381600000000000078e-02
1.763599999999999890e-02
-1.187799999999999967e-02
-3.593799999999999772e-02
-5.293899999999999995e-02
-6.021300000000000263e-02
-5.803300000000000125e-02
-3.822699999999999709e-02
-5.348999999999999588e-03
1.966100000000000139e-02
3.711300000000000016e-02
5.293899999999999995e-02
6.262700000000000211e-02
6.604200000000000348e-02
6.787100000000000077e-02
6.871099999999999430e-02
6.568699999999999539e-02
5.925799999999999818e-02
4.657599999999999935e-02
2.602499999999999952e-02
2.500000000000000052e-03
-1.949599999999999944e-02
-3.686799999999999800e-02
-3.906699999999999756e-02
-1.799600000000000158e-02
5.209000000000000088e-03
1.369700000000000084e-02
1.872599999999999959e-02
1.947099999999999873e-02
1.031299999999999925e-02
-1.694999999999999892e-03
-1.411199999999999954e-02
-2.350000000000000006e-02
-2.426000000000000031e-02
-2.281499999999999848e-02
-2.016599999999999990e-02
-1.886600000000000082e-02
-3.282800000000000301e-02
-5.003500000000000308e-02
-5.100500000000000173e-02
-3.985699999999999660e-02
-2.404999999999999846e-02
-1.036300000000000068e-02
-6.808999999999999948e-03
-1.266699999999999944e-02
-2.675500000000000100e-02
-4.343600000000000239e-02
-5.277899999999999953e-02
-5.639899999999999775e-02
-5.758800000000000030e-02
-5.373900000000000204e-02
-4.769500000000000128e-02
-4.266099999999999753e-02
-3.703300000000000342e-02
-3.043399999999999925e-02
-2.549999999999999836e-02
-2.218099999999999933e-02
-1.861600000000000060e-02
-1.391700000000000055e-02
-8.403000000000000747e-03
-3.073999999999999910e-03
4.164000000000000166e-03
1.186300000000000028e-02
7.128999999999999920e-03
-1.102299999999999981e-02
-3.052900000000000058e-02
-4.881499999999999728e-02
-6.666700000000000403e-02
-8.359800000000000564e-02
-1.021849999999999981e-01
-1.225549999999999973e-01
-1.407519999999999882e-01
-1.556140000000000023e-01
-1.645919999999999883e-01
-1.584180000000000033e-01
-1.433959999999999957e-01
-1.311190000000000133e-01
-1.225600000000000023e-01
-1.098780000000000034e-01
-8.347799999999999665e-02
-5.266400000000000248e-02
-3.072899999999999937e-02
-1.659700000000000064e-02
-1.494700000000000022e-02
-2.968900000000000011e-02
-4.602099999999999941e-02
-4.992499999999999716e-02
-3.804199999999999943e-02
-1.605000000000000090e-03
5.914300000000000113e-02
1.257199999999999984e-01
1.877769999999999995e-01
2.450859999999999983e-01
2.872179999999999733e-01
2.903720000000000190e-01
2.573190000000000199e-01
2.078480000000000050e-01
1.414920000000000067e-01
7.002099999999999991e-02
1.013799999999999944e-02
-3.933199999999999891e-02
-8.324299999999999755e-02
-1.168320000000000053e-01
-1.277590000000000114e-01
-9.545099999999999418e-02
-3.426300000000000179e-02
-5.263999999999999582e-03
-1.834600000000000120e-02
-1.681200000000000055e-02
2.799899999999999958e-02
7.663999999999999979e-02
9.800499999999999490e-02
1.027890000000000054e-01
8.575800000000000090e-02
4.446100000000000052e-02
1.112800000000000074e-02
6.139000000000000359e-03
2.205100000000000116e-02
5.420900000000000024e-02
9.495599999999999874e-02
1.321340000000000015e-01
1.578880000000000006e-01
1.674269999999999925e-01
1.624670000000000003e-01
1.486250000000000071e-01
1.185760000000000008e-01
6.323199999999999654e-02
-2.954000000000000029e-03
-6.646199999999999330e-02
-1.330330000000000124e-01
-1.877270000000000050e-01
-1.879570000000000130e-01
-1.292939999999999923e-01
-4.938499999999999834e-02
2.113599999999999854e-02
6.278699999999999559e-02
7.711500000000000299e-02
7.933400000000000174e-02
6.734700000000000408e-02
4.167699999999999877e-02
8.063000000000000722e-03
-3.549800000000000177e-02
-8.014400000000000690e-02
-1.018899999999999945e-01
-1.026790000000000064e-01
-8.297300000000000508e-02
-9.733000000000000332e-03
8.213900000000000368e-02
1.380020000000000135e-01
1.600380000000000136e-01
1.268150000000000110e-01
7.065100000000000546e-02
8.595800000000000662e-02
1.454660000000000120e-01
1.588479999999999892e-01
1.222010000000000041e-01
7.038600000000000412e-02
4.487599999999999922e-02
6.723200000000000010e-02
1.181610000000000021e-01
1.768500000000000072e-01
2.270899999999999863e-01
2.384670000000000123e-01
2.000550000000000106e-01
1.325679999999999914e-01
4.725599999999999939e-02
-4.850999999999999757e-02
-1.412120000000000042e-01
-2.198309999999999986e-01
-2.748800000000000132e-01
-3.036440000000000250e-01
-3.117679999999999896e-01
-3.073540000000000161e-01
-2.903419999999999890e-01
-2.391369999999999885e-01
-1.679259999999999919e-01
-1.311340000000000006e-01
-1.395170000000000021e-01
-1.669619999999999993e-01
-1.864979999999999971e-01
-1.789139999999999897e-01
-1.410619999999999929e-01
-6.803099999999999425e-02
3.723800000000000027e-02
1.461159999999999959e-01
2.299940000000000040e-01
2.877370000000000205e-01
3.308340000000000169e-01
3.511900000000000022e-01
3.464809999999999834e-01
3.283989999999999965e-01
2.966960000000000153e-01
2.433210000000000095e-01
1.708210000000000006e-01
9.278100000000000236e-02
1.532200000000000055e-02
-6.310699999999999643e-02
-1.366630000000000067e-01
-1.939960000000000018e-01
-2.083830000000000127e-01
-1.454259999999999997e-01
-3.622800000000000326e-02
6.779599999999999516e-02
1.675510000000000055e-01
2.742450000000000165e-01
3.821539999999999937e-01
4.679760000000000031e-01
5.045990000000000197e-01
4.951510000000000078e-01
4.464359999999999995e-01
3.412870000000000070e-01
1.942359999999999920e-01
5.210499999999999854e-02
-7.372499999999999887e-02
-2.185010000000000008e-01
-3.612279999999999935e-01
-4.233100000000000196e-01
-4.211610000000000076e-01
-4.067589999999999817e-01
-3.694259999999999766e-01
-3.100780000000000203e-01
-2.566140000000000088e-01
-2.148420000000000052e-01
-1.745549999999999879e-01
-1.379120000000000068e-01
-1.157119999999999954e-01
-1.055890000000000023e-01
-1.027489999999999931e-01
-1.076580000000000037e-01
-1.213110000000000022e-01
-1.745150000000000035e-01
-2.499399999999999955e-01
-2.749550000000000050e-01
-2.523549999999999960e-01
-2.155469999999999886e-01
-1.897570000000000090e-01
-1.778689999999999993e-01
-1.485049999999999981e-01
-8.806700000000000639e-02
-1.269699999999999995e-02
3.982700000000000129e-02
5.832299999999999984e-02
6.643699999999999606e-02
7.064600000000000046e-02
6.114300000000000290e-02
4.298600000000000337e-02
1.996600000000000111e-02
-1.070300000000000071e-02
-3.818699999999999872e-02
-5.500399999999999734e-02
-6.874600000000000155e-02
-7.035099999999999687e-02
-5.417899999999999799e-02
-2.680499999999999897e-02
1.416700000000000077e-02
5.202999999999999986e-02
7.126100000000000489e-02
7.662499999999999867e-02
7.010099999999999665e-02
5.792300000000000226e-02
3.029400000000000148e-02
-2.471500000000000086e-02
-7.452000000000000290e-02
-9.572600000000000553e-02
-1.031689999999999968e-01
-9.797000000000000153e-02
-7.787399999999999878e-02
-6.890599999999999503e-02
-5.315899999999999792e-02
9.933000000000000856e-03
9.793999999999999928e-02
1.742700000000000082e-01
2.089380000000000126e-01
1.998850000000000071e-01
1.631670000000000065e-01
1.039839999999999931e-01
4.928500000000000242e-02
8.918000000000000579e-03
-3.508300000000000307e-02
-8.257299999999999363e-02
-1.133669999999999956e-01
-1.206210000000000060e-01
-1.216760000000000064e-01
-1.236150000000000027e-01
-1.076730000000000048e-01
-7.228600000000000303e-02
-5.709899999999999698e-02
-6.996600000000000041e-02
-7.034100000000000075e-02
-4.651099999999999679e-02
-2.816400000000000153e-02
-3.393800000000000289e-02
-5.328900000000000303e-02
-8.424800000000000344e-02
-1.305389999999999884e-01
-1.718310000000000115e-01
-1.757849999999999968e-01
-1.284589999999999899e-01
-6.512700000000000433e-02
-2.098099999999999965e-02
1.055799999999999968e-02
3.536299999999999860e-02
5.639899999999999775e-02
6.908599999999999464e-02
5.827299999999999841e-02
3.251799999999999830e-02
1.525000000000000097e-03
-3.835700000000000220e-02
-7.200099999999999556e-02
-8.508300000000000585e-02
-8.019900000000000639e-02
-6.054299999999999959e-02
-3.018399999999999903e-02
-7.323999999999999781e-03
-5.900000000000000296e-04
1.750099999999999920e-02
6.134799999999999975e-02
1.042890000000000067e-01
1.172269999999999979e-01
9.683600000000000541e-02
6.524699999999999944e-02
4.654599999999999710e-02
4.941500000000000059e-02
7.237599999999999589e-02
1.006250000000000061e-01
1.076679999999999998e-01
7.585000000000000075e-02
8.803000000000000061e-03
-6.813600000000000212e-02
-1.146770000000000012e-01
-1.153969999999999996e-01
-9.274100000000000399e-02
-5.854299999999999782e-02
-1.307200000000000029e-02
3.255799999999999667e-02
7.426000000000000656e-02
1.165120000000000045e-01
1.588229999999999920e-01
1.975099999999999911e-01
2.332430000000000059e-01
2.673769999999999758e-01
3.009200000000000208e-01
3.241499999999999937e-01
3.174509999999999832e-01
2.886070000000000024e-01
2.522800000000000042e-01
2.008850000000000080e-01
1.430009999999999892e-01
1.029790000000000011e-01
9.291099999999999359e-02
1.132770000000000027e-01
1.569339999999999902e-01
1.998499999999999999e-01
2.142570000000000030e-01
1.995850000000000124e-01
1.794989999999999919e-01
1.566339999999999955e-01
9.012199999999999378e-02
-1.713699999999999946e-02
-1.076280000000000014e-01
-1.799989999999999923e-01
-2.575279999999999792e-01
-2.878020000000000023e-01
-2.450160000000000116e-01
-2.001850000000000018e-01
-1.740649999999999975e-01
-1.348530000000000006e-01
-8.839199999999999835e-02
-4.634599999999999831e-02
-5.739000000000000178e-03
3.623799999999999938e-02
8.750700000000000145e-02
1.320939999999999892e-01
1.439459999999999906e-01
1.370280000000000109e-01
1.004450000000000065e-01
2.817400000000000113e-02
-1.199999999999999895e-03
4.252100000000000324e-02
9.594600000000000350e-02
1.302989999999999982e-01
1.589280000000000137e-01
1.835479999999999889e-01
1.965909999999999880e-01
1.890969999999999873e-01
1.627969999999999973e-01
1.279289999999999872e-01
8.863699999999999357e-02
4.630100000000000188e-02
4.009000000000000410e-03
-3.502799999999999664e-02
-6.911100000000000576e-02
-1.022850000000000009e-01
-1.363379999999999870e-01
-1.697009999999999907e-01
-2.025990000000000013e-01
-2.348780000000000034e-01
-2.650370000000000226e-01
-2.943560000000000065e-01
-2.889920000000000266e-01
-2.184909999999999908e-01
-1.349430000000000074e-01
-7.584000000000000463e-02
-1.425700000000000058e-02
6.798600000000000476e-02
1.363729999999999942e-01
1.456959999999999922e-01
1.134819999999999995e-01
5.539399999999999880e-02
-9.983000000000000554e-03
-2.344999999999999862e-02
1.521199999999999983e-02
6.344199999999999839e-02
7.728500000000000647e-02
2.761900000000000119e-02
-1.181800000000000038e-02
2.769399999999999987e-02
7.288000000000000034e-02
5.247000000000000275e-02
-1.020800000000000006e-02
-6.985600000000000143e-02
-9.596100000000000463e-02
-7.629500000000000171e-02
-4.014199999999999713e-02
-3.820199999999999985e-02
-7.950400000000000522e-02
-1.225750000000000034e-01
-1.244100000000000067e-01
-7.602499999999999536e-02
-2.000000000000000096e-04
5.820299999999999779e-02
8.438800000000000467e-02
9.933500000000000663e-02
9.861000000000000321e-02
5.897800000000000264e-02
-1.071300000000000030e-02
-6.783100000000000240e-02
-1.005449999999999955e-01
-1.299740000000000062e-01
-1.606130000000000058e-01
-1.768949999999999967e-01
-1.611980000000000079e-01
-1.190110000000000057e-01
-5.329400000000000109e-02
3.337299999999999989e-02
9.116699999999999804e-02
1.005950000000000039e-01
9.351099999999999690e-02
6.660699999999999954e-02
5.779000000000000282e-03
-7.648499999999999743e-02
-1.633270000000000000e-01
-2.474649999999999905e-01
-2.942460000000000075e-01
-2.557490000000000041e-01
-1.415770000000000084e-01
1.324200000000000030e-02
1.729499999999999926e-01
2.658969999999999945e-01
2.841879999999999962e-01
2.905070000000000152e-01
3.328679999999999972e-01
3.969260000000000010e-01
3.874079999999999746e-01
2.881219999999999892e-01
1.436860000000000082e-01
-1.944999999999999897e-03
-5.671400000000000052e-02
-4.323099999999999860e-02
-6.450200000000000378e-02
-1.120229999999999976e-01
-1.357829999999999870e-01
-1.291190000000000115e-01
-1.081379999999999980e-01
-7.323999999999999955e-02
-1.551699999999999954e-02
2.702500000000000041e-02
2.745999999999999830e-02
1.539999999999999919e-03
-4.597600000000000298e-02
-1.102930000000000021e-01
-1.748850000000000127e-01
-2.139469999999999983e-01
-2.117030000000000023e-01
-1.760950000000000015e-01
-1.218260000000000037e-01
-6.550699999999999579e-02
-1.461199999999999999e-02
2.309500000000000094e-02
2.925900000000000029e-02
7.139000000000000380e-03
-2.658999999999999905e-02
-7.099099999999999855e-02
-1.203560000000000046e-01
-1.602830000000000088e-01
-1.769799999999999984e-01
-1.687009999999999899e-01
-1.112530000000000047e-01
1.209799999999999938e-02
1.197359999999999952e-01
1.539689999999999948e-01
1.557540000000000036e-01
1.413719999999999977e-01
1.054739999999999983e-01
8.608300000000000674e-02
1.023099999999999982e-01
1.302540000000000087e-01
1.393770000000000009e-01
1.177359999999999934e-01
8.732800000000000284e-02
6.576700000000000601e-02
6.343200000000000227e-02
8.621299999999999797e-02
1.188359999999999972e-01
1.313640000000000085e-01
9.822500000000000675e-02
3.060399999999999926e-02
-4.707599999999999979e-02
-1.168470000000000064e-01
-1.760150000000000048e-01
-2.295439999999999980e-01
-2.411320000000000130e-01
-1.953809999999999991e-01
-1.276339999999999975e-01
-6.145300000000000068e-02
6.014000000000000248e-03
8.243399999999999339e-02
1.270900000000000085e-01
1.100629999999999942e-01
6.765599999999999392e-02
3.340300000000000213e-02
7.309000000000000392e-03
-2.139599999999999835e-02
-5.531900000000000012e-02
-9.681099999999999428e-02
-1.453560000000000130e-01
-1.835029999999999994e-01
-2.048939999999999928e-01
-2.098730000000000040e-01
-1.650619999999999865e-01
-5.735900000000000026e-02
5.580399999999999944e-02
1.313590000000000035e-01
1.730150000000000021e-01
1.802940000000000098e-01
1.521150000000000002e-01
9.511600000000000610e-02
1.914099999999999829e-02
-5.282900000000000096e-02
-8.862699999999999745e-02
-7.333499999999999741e-02
-1.034299999999999976e-02
6.671699999999999853e-02
1.075180000000000025e-01
1.092530000000000029e-01
8.625800000000000134e-02
6.558200000000000141e-02
7.919900000000000551e-02
9.361099999999999977e-02
7.344000000000000528e-02
2.811400000000000010e-02
-2.921400000000000038e-02
-8.990199999999999581e-02
-1.489699999999999913e-01
-2.015200000000000047e-01
-2.280339999999999867e-01
-2.147920000000000107e-01
-1.747150000000000092e-01
-1.301489999999999869e-01
-9.980999999999999595e-02
-9.220200000000000617e-02
-1.071089999999999959e-01
-1.325479999999999992e-01
-1.488450000000000051e-01
-1.506550000000000111e-01
-1.421419999999999906e-01
-1.237550000000000039e-01
-8.807199999999999751e-02
-2.872399999999999953e-02
4.326599999999999890e-02
1.109279999999999988e-01
1.578330000000000011e-01
1.734600000000000031e-01
1.741149999999999920e-01
1.796490000000000031e-01
1.766199999999999992e-01
1.529790000000000039e-01
1.153720000000000023e-01
6.096300000000000330e-02
5.238999999999999733e-03
-3.402800000000000269e-02
-6.315199999999999980e-02
-7.801400000000000001e-02
-7.678500000000000603e-02
-6.904599999999999627e-02
-5.263899999999999829e-02
-2.479500000000000107e-02
1.667700000000000085e-02
7.180100000000000371e-02
1.093630000000000019e-01
1.080929999999999946e-01
8.274299999999999711e-02
5.307400000000000312e-02
3.530799999999999911e-02
3.516799999999999787e-02
4.435599999999999959e-02
4.993000000000000216e-02
3.638299999999999867e-02
-6.283999999999999655e-03
-5.665900000000000103e-02
-8.481800000000000450e-02
-9.187199999999999533e-02
-8.663800000000000667e-02
-5.288899999999999851e-02
1.478699999999999980e-02
6.851100000000000245e-02
7.418500000000000094e-02
5.841799999999999771e-02
4.063200000000000145e-02
1.139800000000000015e-02
-1.930099999999999871e-02
-3.013899999999999912e-02
-1.739699999999999927e-02
2.586000000000000104e-02
7.778400000000000591e-02
9.323099999999999443e-02
7.222099999999999353e-02
3.767199999999999716e-02
1.067300000000000020e-02
1.083300000000000061e-02
3.624800000000000244e-02
5.951800000000000146e-02
5.183999999999999719e-02
1.516699999999999993e-02
-1.770599999999999952e-02
-3.399800000000000044e-02
-2.200000000000000078e-04
1.103679999999999939e-01
1.803939999999999988e-01
1.530940000000000079e-01
1.097930000000000017e-01
6.800100000000000589e-02
2.214599999999999902e-02
-7.428999999999999840e-03
-1.990600000000000008e-02
-1.686199999999999852e-02
-7.359000000000000090e-03
-7.997999999999999901e-03
-1.157299999999999995e-02
-7.488999999999999997e-03
2.628999999999999827e-03
1.749200000000000060e-02
4.153699999999999753e-02
6.535199999999999343e-02
6.963099999999999845e-02
5.184500000000000219e-02
1.828099999999999864e-02
-3.054899999999999977e-02
-8.115400000000000391e-02
-1.076079999999999953e-01
-1.175709999999999950e-01
-1.249650000000000066e-01
-1.112380000000000035e-01
-7.157099999999999573e-02
-4.563600000000000295e-02
-4.979499999999999899e-02
-5.702399999999999830e-02
-5.385899999999999715e-02
-3.859200000000000130e-02
-1.515700000000000033e-02
5.909000000000000190e-03
1.903600000000000084e-02
2.553499999999999867e-02
3.126400000000000012e-02
3.542300000000000310e-02
3.788199999999999901e-02
4.026699999999999724e-02
3.306300000000000211e-02
1.202800000000000050e-02
-6.958999999999999908e-03
-1.775600000000000095e-02
-4.068700000000000094e-02
-7.155100000000000349e-02
-7.874399999999999455e-02
-6.943100000000000660e-02
-6.389200000000000434e-02
-5.806299999999999656e-02
-4.135699999999999793e-02
-8.748000000000000567e-03
3.350299999999999806e-02
7.430499999999999605e-02
1.167269999999999974e-01
1.545640000000000069e-01
1.604029999999999900e-01
1.233899999999999997e-01
6.085299999999999737e-02
8.888000000000000067e-03
-1.669199999999999851e-02
-3.328300000000000008e-02
-5.844300000000000189e-02
-9.743100000000000371e-02
-1.421370000000000133e-01
-1.858579999999999954e-01
-2.256199999999999872e-01
-2.519700000000000273e-01
-2.558690000000000131e-01
-2.415120000000000045e-01
-2.218459999999999877e-01
-2.036590000000000067e-01
-1.825430000000000108e-01
-1.535239999999999938e-01
-1.174619999999999970e-01
-8.991699999999999693e-02
-8.600800000000000112e-02
-9.134699999999999764e-02
-6.908599999999999464e-02
-1.147300000000000056e-02
4.190200000000000174e-02
7.672500000000000153e-02
1.017249999999999960e-01
1.090529999999999972e-01
9.687099999999999878e-02
7.591000000000000525e-02
6.869599999999999318e-02
8.901699999999999890e-02
1.156569999999999959e-01
1.359730000000000105e-01
1.535539999999999961e-01
1.562540000000000040e-01
1.424169999999999880e-01
1.228299999999999947e-01
8.768199999999999605e-02
3.458300000000000263e-02
-5.150000000000000498e-04
1.330000000000000019e-03
1.960599999999999843e-02
4.648100000000000148e-02
8.012400000000000078e-02
9.814000000000000501e-02
8.311300000000000632e-02
5.879800000000000304e-02
6.130300000000000332e-02
8.687300000000000577e-02
1.107279999999999931e-01
1.173119999999999996e-01
1.012850000000000000e-01
6.045799999999999785e-02
5.909000000000000190e-03
-4.485600000000000004e-02
-9.186700000000000421e-02
-1.376970000000000138e-01
-1.801989999999999981e-01
-2.228799999999999948e-01
-2.612680000000000002e-01
-2.635319999999999885e-01
-2.145219999999999905e-01
-1.566390000000000005e-01
-1.132920000000000038e-01
-5.993300000000000016e-02
3.778999999999999807e-03
5.629900000000000182e-02
1.040640000000000037e-01
1.363479999999999970e-01
1.302639999999999909e-01
9.876999999999999669e-02
5.296399999999999719e-02
6.958999999999999908e-03
-1.206800000000000060e-02
-6.974000000000000164e-03
3.573999999999999920e-03
2.630000000000000046e-02
6.324699999999999767e-02
9.685100000000000653e-02
1.266549999999999898e-01
1.606579999999999953e-01
1.915769999999999973e-01
2.165620000000000045e-01
2.394070000000000087e-01
2.566740000000000133e-01
2.711210000000000009e-01
2.697510000000000185e-01
2.363280000000000103e-01
1.917169999999999985e-01
1.488099999999999978e-01
1.016999999999999987e-01
6.316700000000000093e-02
5.497900000000000009e-02
7.312499999999999556e-02
9.669600000000000417e-02
1.168420000000000014e-01
1.340230000000000032e-01
1.515050000000000008e-01
1.698909999999999865e-01
1.842129999999999879e-01
1.880269999999999997e-01
1.718709999999999960e-01
1.307939999999999936e-01
7.620499999999999496e-02
1.983100000000000140e-02
-4.064199999999999757e-02
-1.138320000000000026e-01
-1.917119999999999935e-01
-2.361479999999999968e-01
-2.240800000000000014e-01
-1.821790000000000076e-01
-1.425410000000000010e-01
-1.091680000000000011e-01
-8.590799999999999825e-02
-8.296800000000000008e-02
-9.724099999999999411e-02
-1.236799999999999983e-01
-1.475549999999999917e-01
-1.397370000000000001e-01
-8.741300000000000459e-02
-2.560499999999999929e-02
-1.856100000000000111e-02
-6.128299999999999720e-02
-9.852500000000000147e-02
-1.177959999999999979e-01
-1.329579999999999929e-01
-1.396120000000000139e-01
-1.366580000000000017e-01
-1.351680000000000104e-01
-1.318640000000000090e-01
-1.183209999999999956e-01
-1.003150000000000014e-01
-9.217699999999999505e-02
-9.826999999999999624e-02
-1.083579999999999960e-01
-1.148870000000000030e-01
-9.828000000000000624e-02
-5.330399999999999722e-02
-1.841100000000000028e-02
-1.119999999999999902e-03
2.044599999999999890e-02
4.453100000000000114e-02
5.559399999999999759e-02
5.305900000000000200e-02
5.070500000000000007e-02
5.070000000000000201e-02
4.307099999999999818e-02
2.537500000000000172e-02
1.466199999999999969e-02
2.171100000000000113e-02
3.359299999999999786e-02
3.532300000000000023e-02
2.608500000000000055e-02
1.492199999999999950e-02
6.768999999999999843e-03
-5.034000000000000280e-03
-3.385799999999999921e-02
-6.292699999999999683e-02
-6.207300000000000317e-02
-4.142200000000000049e-02
-1.583700000000000038e-02
1.163800000000000077e-02
3.288800000000000057e-02
4.971500000000000224e-02
6.428200000000000580e-02
7.474500000000000588e-02
8.511799999999999922e-02
7.963900000000000146e-02
3.921199999999999686e-02
-1.334199999999999969e-02
-5.738900000000000251e-02
-9.437600000000000156e-02
-1.199609999999999982e-01
-1.404569999999999985e-01
-1.678560000000000052e-01
-1.948709999999999887e-01
-2.047690000000000066e-01
-2.024199999999999888e-01
-2.039340000000000042e-01
-2.048840000000000106e-01
-1.875570000000000015e-01
-1.547340000000000104e-01
-1.170419999999999933e-01
-6.503699999999999759e-02
-3.529000000000000019e-03
4.400600000000000345e-02
7.181600000000000483e-02
8.957700000000000384e-02
1.042740000000000056e-01
1.226750000000000063e-01
1.485150000000000081e-01
1.863779999999999881e-01
2.273550000000000015e-01
2.460610000000000019e-01
2.390519999999999867e-01
2.058240000000000069e-01
1.527040000000000064e-01
1.121980000000000061e-01
9.182700000000000584e-02
8.075899999999999745e-02
7.712499999999999911e-02
8.037400000000000100e-02
8.761199999999999544e-02
8.929199999999999637e-02
8.427800000000000569e-02
8.350799999999999890e-02
8.486799999999999899e-02
7.814899999999999625e-02
6.644700000000000606e-02
5.151499999999999829e-02
2.372499999999999956e-02
-1.712199999999999833e-02
-5.245999999999999969e-02
-8.049399999999999611e-02
-1.130519999999999997e-01
-1.352780000000000094e-01
-1.394920000000000049e-01
-1.363729999999999942e-01
-1.245200000000000057e-01
-1.042789999999999967e-01
-8.760199999999999931e-02
-8.865699999999999970e-02
-1.117829999999999935e-01
-1.332079999999999931e-01
-1.318840000000000012e-01
-1.200559999999999961e-01
-1.097380000000000022e-01
-9.861999999999999933e-02
-8.503299999999999748e-02
-6.614699999999999747e-02
-4.032700000000000173e-02
-1.360199999999999951e-02
1.391200000000000075e-02
4.795499999999999763e-02
8.660299999999999943e-02
1.186910000000000048e-01
1.364630000000000010e-01
1.474109999999999865e-01
1.577179999999999971e-01
1.638469999999999926e-01
1.640020000000000089e-01
1.594579999999999886e-01
1.495100000000000040e-01
1.242999999999999938e-01
8.710299999999999987e-02
5.368400000000000255e-02
2.485499999999999862e-02
-2.419999999999999842e-03
-2.307999999999999982e-02
-3.673300000000000176e-02
-4.841999999999999776e-02
-6.059799999999999909e-02
-7.071600000000000108e-02
-6.935099999999999598e-02
-5.786800000000000277e-02
-4.077200000000000268e-02
-1.445699999999999937e-02
1.050300000000000018e-02
3.403799999999999881e-02
6.528699999999999781e-02
7.252500000000000613e-02
2.563500000000000154e-02
-5.442400000000000015e-02
-1.188459999999999933e-01
-1.504749999999999976e-01
-1.776689999999999936e-01
-2.074630000000000085e-01
-2.199309999999999876e-01
-2.113829999999999876e-01
-1.904720000000000024e-01
-1.542240000000000000e-01
-9.259100000000000663e-02
-2.622499999999999831e-02
1.292199999999999946e-02
3.633800000000000224e-02
6.273199999999999610e-02
8.257799999999999863e-02
8.341800000000000603e-02
6.794600000000000639e-02
5.163999999999999840e-02
3.842199999999999782e-02
2.217600000000000127e-02
-1.550000000000000000e-04
-1.696200000000000138e-02
-1.689699999999999883e-02
-1.044299999999999916e-02
-4.529000000000000040e-03
-7.832999999999999685e-03
-3.544800000000000034e-02
-7.124099999999999877e-02
-8.919199999999999351e-02
-8.428800000000000181e-02
-8.191900000000000570e-02
-1.126270000000000049e-01
-1.551889999999999936e-01
-2.032589999999999952e-01
-2.592829999999999857e-01
-2.810590000000000033e-01
-2.634770000000000167e-01
-2.286340000000000039e-01
-1.718510000000000038e-01
-9.836499999999999411e-02
-2.391000000000000070e-02
5.141500000000000237e-02
1.283640000000000059e-01
1.871480000000000088e-01
2.154820000000000069e-01
2.218559999999999977e-01
2.050339999999999940e-01
1.754549999999999998e-01
1.536790000000000100e-01
1.510199999999999876e-01
1.642569999999999864e-01
1.690760000000000041e-01
1.583630000000000038e-01
1.264049999999999896e-01
7.666000000000000592e-02
5.725399999999999934e-02
8.114899999999999891e-02
1.194009999999999933e-01
1.649970000000000048e-01
2.049839999999999995e-01
2.174069999999999891e-01
2.137419999999999876e-01
2.023600000000000121e-01
1.548740000000000117e-01
8.157399999999999374e-02
2.798399999999999846e-02
-1.224800000000000021e-02
-7.070099999999999996e-02
-1.326479999999999881e-01
-1.631420000000000092e-01
-1.754449999999999898e-01
-1.843930000000000013e-01
-1.780690000000000051e-01
-1.572840000000000071e-01
-1.040439999999999976e-01
-2.394500000000000101e-02
3.075400000000000009e-02
6.421200000000000518e-02
9.110699999999999354e-02
9.606099999999999361e-02
8.301300000000000345e-02
5.806299999999999656e-02
2.970899999999999930e-02
8.543000000000000246e-03
-2.929000000000000180e-03
1.250000000000000026e-04
3.592299999999999660e-02
9.894999999999999629e-02
1.414320000000000022e-01
1.540789999999999937e-01
1.690210000000000046e-01
1.857930000000000137e-01
1.885570000000000024e-01
1.807040000000000035e-01
1.628070000000000073e-01
1.231600000000000056e-01
6.903099999999999514e-02
1.903099999999999931e-02
-3.002399999999999861e-02
-7.048100000000000198e-02
-7.514999999999999458e-02
-5.901300000000000295e-02
-3.623300000000000132e-02
1.407199999999999944e-02
6.823099999999999998e-02
9.379099999999999937e-02
1.047690000000000010e-01
1.118230000000000057e-01
1.045039999999999997e-01
8.420800000000000507e-02
6.323700000000000154e-02
4.414599999999999774e-02
2.864900000000000085e-02
1.910099999999999992e-02
1.426200000000000037e-02
1.410199999999999995e-02
1.680699999999999902e-02
2.163100000000000092e-02
2.829900000000000124e-02
3.281300000000000189e-02
3.413299999999999668e-02
3.473299999999999998e-02
3.673799999999999982e-02
3.686799999999999800e-02
2.548500000000000071e-02
2.030000000000000120e-03
-2.733500000000000166e-02
-5.439399999999999791e-02
-6.968100000000000682e-02
-6.930600000000000649e-02
-5.392899999999999777e-02
-3.458800000000000069e-02
-1.866599999999999857e-02
1.605000000000000090e-03
2.049600000000000033e-02
2.072099999999999984e-02
2.618999999999999800e-03
-2.190100000000000033e-02
-4.554600000000000315e-02
-6.687200000000000089e-02
-8.791200000000000403e-02
-1.021549999999999958e-01
-1.057239999999999985e-01
-1.073240000000000027e-01
-1.097830000000000056e-01
-1.103979999999999961e-01
-1.106580000000000064e-01
-1.104030000000000011e-01
-1.084780000000000050e-01
-1.058090000000000003e-01
-1.032939999999999969e-01
-1.008249999999999980e-01
-9.748500000000000221e-02
-9.069699999999999984e-02
-8.150399999999999312e-02
-7.409000000000000308e-02
-6.786599999999999577e-02
-6.173300000000000315e-02
-6.114800000000000096e-02
-6.393200000000000272e-02
-5.771300000000000041e-02
-4.099699999999999872e-02
-2.014099999999999918e-02
-3.788999999999999833e-03
-1.185000000000000072e-03
-1.026299999999999955e-02
-2.561000000000000082e-02
-4.681600000000000344e-02
-7.141599999999999338e-02
-9.607100000000000362e-02
-1.121380000000000016e-01
-1.101329999999999948e-01
-9.616099999999999648e-02
-7.829400000000000248e-02
-5.968299999999999994e-02
-4.506099999999999689e-02
-3.153899999999999759e-02
-1.911600000000000105e-02
-1.572199999999999986e-02
-7.967999999999999389e-03
2.150600000000000081e-02
5.694400000000000156e-02
7.869400000000000006e-02
8.890699999999999992e-02
9.810000000000000664e-02
1.025439999999999963e-01
9.796499999999999653e-02
9.236700000000000466e-02
8.886700000000000155e-02
8.260800000000000087e-02
7.059100000000000097e-02
5.767300000000000204e-02
4.600100000000000022e-02
3.399300000000000238e-02
2.084599999999999995e-02
4.864000000000000268e-03
-1.178300000000000007e-02
-2.351500000000000118e-02
-3.162899999999999739e-02
-3.856199999999999906e-02
-3.912199999999999706e-02
-2.974900000000000114e-02
-1.913099999999999870e-02
-1.181300000000000058e-02
-5.793999999999999671e-03
-2.713999999999999833e-03
-5.544000000000000317e-03
-1.806599999999999873e-02
-3.728299999999999670e-02
-5.975300000000000056e-02
-8.420800000000000507e-02
-1.042489999999999944e-01
-1.183160000000000045e-01
-1.302639999999999909e-01
-1.394569999999999976e-01
-1.419469999999999898e-01
-1.343880000000000075e-01
-1.189810000000000034e-01
-8.897700000000000053e-02
-4.163200000000000234e-02
-1.649999999999999991e-03
3.155399999999999872e-02
7.522500000000000020e-02
1.084029999999999994e-01
1.180009999999999948e-01
1.187860000000000027e-01
1.196709999999999996e-01
1.128770000000000051e-01
9.674599999999999866e-02
7.895399999999999641e-02
5.944800000000000084e-02
4.334099999999999758e-02
3.844199999999999701e-02
4.468599999999999656e-02
5.558899999999999952e-02
5.847299999999999720e-02
5.337900000000000283e-02
4.272600000000000009e-02
2.772900000000000018e-02
2.143600000000000019e-02
2.151099999999999887e-02
8.243000000000000327e-03
-2.326999999999999902e-02
-6.018799999999999845e-02
-8.457299999999999540e-02
-9.308600000000000207e-02
-8.712799999999999712e-02
-5.613900000000000140e-02
-1.590700000000000100e-02
1.211300000000000050e-02
3.459299999999999875e-02
5.050500000000000128e-02
5.952299999999999952e-02
8.053899999999999948e-02
1.126719999999999944e-01
1.380319999999999880e-01
1.490350000000000008e-01
1.447410000000000085e-01
1.303590000000000027e-01
1.072089999999999987e-01
7.676499999999999990e-02
4.480599999999999861e-02
8.538000000000000450e-03
-3.100899999999999837e-02
-6.535699999999999843e-02
-8.122400000000000453e-02
-8.012400000000000078e-02
-7.438000000000000167e-02
-6.186300000000000132e-02
-4.545600000000000335e-02
-3.444799999999999945e-02
-2.711999999999999827e-02
-2.256999999999999978e-02
-2.238100000000000159e-02
-2.363499999999999976e-02
-2.751899999999999832e-02
-3.463299999999999712e-02
-4.184700000000000225e-02
-4.615600000000000258e-02
-4.611599999999999727e-02
-4.475099999999999911e-02
-3.784699999999999870e-02
-2.091099999999999903e-02
-2.069999999999999792e-03
1.485700000000000041e-02
3.169899999999999801e-02
4.960500000000000326e-02
7.379499999999999948e-02
9.317100000000000382e-02
9.334599999999999842e-02
8.982199999999999906e-02
9.638099999999999445e-02
1.043390000000000012e-01
1.084230000000000055e-01
1.083979999999999944e-01
9.013699999999999490e-02
5.366900000000000143e-02
2.185099999999999890e-02
-1.855000000000000095e-03
-2.390499999999999917e-02
-3.558800000000000158e-02
-2.909399999999999833e-02
-1.430700000000000027e-02
6.914000000000000007e-03
4.077200000000000268e-02
7.236599999999999977e-02
8.040899999999999437e-02
6.547699999999999354e-02
4.195700000000000124e-02
1.770100000000000146e-02
-4.808999999999999907e-03
-2.464500000000000024e-02
-4.396100000000000008e-02
-6.357200000000000351e-02
-8.210399999999999643e-02
-9.790999999999999703e-02
-1.046590000000000020e-01
-9.818000000000000338e-02
-9.404600000000000459e-02
-1.006399999999999934e-01
-9.843499999999999472e-02
-8.091900000000000481e-02
-6.299200000000000632e-02
-4.641100000000000086e-02
-2.448499999999999982e-02
-1.915000000000000036e-03
1.341700000000000011e-02
2.512500000000000150e-02
3.710299999999999709e-02
4.769000000000000322e-02
5.776300000000000184e-02
6.186799999999999938e-02
5.617400000000000171e-02
4.643100000000000005e-02
3.193900000000000211e-02
1.230299999999999970e-02
-7.673000000000000133e-03
-2.837900000000000145e-02
-5.038000000000000117e-02
-7.199600000000000444e-02
-9.148699999999999888e-02
-1.043789999999999996e-01
-1.068790000000000018e-01
-1.024349999999999983e-01
-9.709600000000000175e-02
-9.209699999999999831e-02
-8.538800000000000556e-02
-7.449000000000000066e-02
-6.251199999999999812e-02
-5.753300000000000081e-02
-6.089300000000000268e-02
-7.160600000000000298e-02
-8.739800000000000346e-02
-1.038690000000000030e-01
-1.220060000000000033e-01
-1.435059999999999947e-01
-1.547890000000000099e-01
-1.501750000000000029e-01
-1.398069999999999868e-01
-1.247749999999999970e-01
-1.057040000000000063e-01
-7.885399999999999354e-02
-4.398099999999999926e-02
-2.234099999999999975e-02
-3.903999999999999918e-03
9.598000000000000628e-03
1.506700000000000053e-02
1.654699999999999921e-02
2.320499999999999993e-02
3.787200000000000288e-02
5.396900000000000308e-02
6.476200000000000012e-02
7.284000000000000197e-02
8.107399999999999329e-02
8.280800000000000660e-02
7.510000000000000009e-02
6.762100000000000055e-02
6.045299999999999979e-02
4.358100000000000168e-02
2.072600000000000137e-02
3.709000000000000057e-03
-9.778000000000000233e-03
-2.488500000000000087e-02
-4.078199999999999881e-02
-5.070999999999999813e-02
-5.047000000000000097e-02
-4.592099999999999654e-02
-3.655800000000000022e-02
-1.913600000000000023e-02
-2.703999999999999806e-03
7.099000000000000275e-03
1.534199999999999973e-02
2.517000000000000140e-02
3.589300000000000129e-02
4.383599999999999997e-02
4.807000000000000162e-02
4.954999999999999682e-02
3.993700000000000028e-02
1.620699999999999918e-02
-7.328999999999999578e-03
-2.056600000000000095e-02
-2.522999999999999896e-02
-1.759099999999999900e-02
3.549000000000000071e-03
2.227600000000000066e-02
2.777900000000000161e-02
2.969400000000000164e-02
3.506800000000000195e-02
4.717600000000000265e-02
7.986899999999999555e-02
1.121830000000000049e-01
1.216060000000000058e-01
1.286789999999999878e-01
1.412720000000000087e-01
1.497749999999999915e-01
1.543140000000000067e-01
1.559689999999999965e-01
1.526440000000000019e-01
1.466959999999999931e-01
1.341279999999999972e-01
1.065890000000000032e-01
7.389500000000000235e-02
5.584900000000000281e-02
4.696600000000000080e-02
3.567300000000000332e-02
3.190899999999999986e-02
3.656800000000000328e-02
4.489599999999999841e-02
5.693899999999999656e-02
6.480199999999999849e-02
6.685699999999999976e-02
6.716700000000000448e-02
6.157800000000000079e-02
4.432599999999999735e-02
2.013099999999999959e-02
-2.553999999999999847e-03
-2.288499999999999909e-02
-4.454099999999999726e-02
-6.376199999999999923e-02
-7.481000000000000150e-02
-8.100899999999999768e-02
-8.465799999999999714e-02
-8.467800000000000327e-02
-8.130900000000000627e-02
-7.641499999999999682e-02
-7.099099999999999855e-02
-6.208799999999999736e-02
-5.001499999999999696e-02
-3.617800000000000182e-02
-2.071599999999999830e-02
-6.524000000000000285e-03
5.068999999999999721e-03
1.407699999999999924e-02
1.860600000000000101e-02
1.862600000000000020e-02
1.717199999999999976e-02
1.315700000000000029e-02
6.929000000000000263e-03
5.119000000000000286e-03
7.444000000000000096e-03
8.333000000000000129e-03
7.677999999999999929e-03
7.488999999999999997e-03
7.787999999999999784e-03
6.564000000000000390e-03
3.024000000000000212e-03
-1.520000000000000084e-03
-6.473999999999999720e-03
-1.096300000000000052e-02
-1.429700000000000068e-02
-1.657700000000000146e-02
-1.748699999999999907e-02
-1.697699999999999904e-02
-1.519700000000000044e-02
-1.268700000000000036e-02
-1.096300000000000052e-02
-1.034299999999999976e-02
-1.009799999999999934e-02
-1.009299999999999954e-02
-1.048800000000000079e-02
-1.109800000000000023e-02
-1.165300000000000016e-02
-1.213799999999999948e-02
-1.271199999999999934e-02
-1.334699999999999949e-02
-1.373199999999999942e-02
-1.376699999999999972e-02
-1.362200000000000043e-02
-1.335199999999999929e-02
-1.290700000000000007e-02
-1.228800000000000031e-02
-1.160800000000000026e-02
-1.098799999999999950e-02
-1.047299999999999967e-02
-1.004799999999999964e-02
-9.608000000000000221e-03
-9.098000000000000184e-03
-8.613000000000000864e-03
-8.158000000000000321e-03
-7.697999999999999982e-03
-7.238999999999999775e-03
-6.779000000000000303e-03
-6.323999999999999760e-03
-5.873999999999999881e-03
-5.433999999999999594e-03
-5.003999999999999768e-03
-4.578999999999999737e-03
-4.159000000000000370e-03
-3.749000000000000162e-03
-3.348999999999999980e-03
-2.954000000000000029e-03
-2.569000000000000103e-03
