1.441000000000000007e-03
1.435000000000000078e-03
1.428999999999999932e-03
1.423000000000000003e-03
1.412999999999999977e-03
1.410000000000000012e-03
1.417000000000000074e-03
1.428999999999999932e-03
1.433000000000000029e-03
1.433000000000000029e-03
1.425000000000000051e-03
1.392999999999999924e-03
1.374999999999999920e-03
1.376999999999999969e-03
1.389000000000000044e-03
1.445000000000000104e-03
1.485999999999999908e-03
1.440000000000000091e-03
1.358000000000000049e-03
1.343000000000000010e-03
1.384999999999999946e-03
1.492999999999999969e-03
1.557999999999999923e-03
1.547999999999999897e-03
1.441999999999999922e-03
1.361999999999999929e-03
1.516999999999999902e-03
1.649999999999999991e-03
1.645999999999999894e-03
1.642999999999999929e-03
1.637000000000000000e-03
1.449999999999999900e-03
1.381000000000000066e-03
1.662000000000000066e-03
1.974000000000000060e-03
2.210999999999999858e-03
2.282000000000000174e-03
2.298000000000000129e-03
2.086000000000000180e-03
1.456999999999999962e-03
1.454999999999999913e-03
1.918999999999999916e-03
1.930999999999999991e-03
1.459000000000000010e-03
1.034999999999999896e-03
9.120000000000000502e-04
1.258999999999999920e-03
1.404999999999999999e-03
1.211999999999999970e-03
6.809999999999999647e-04
4.000000000000000192e-04
4.679999999999999915e-04
1.036000000000000029e-03
2.703999999999999806e-03
4.631999999999999833e-03
4.508999999999999987e-03
3.033000000000000106e-03
1.809999999999999977e-03
1.280000000000000105e-03
1.461999999999999975e-03
2.224999999999999981e-03
2.955000000000000161e-03
3.550000000000000204e-03
2.635000000000000189e-03
4.150000000000000043e-04
-1.124999999999999915e-03
-1.147999999999999932e-03
-2.429999999999999977e-04
-5.300000000000000078e-05
-1.652000000000000040e-03
-4.186999999999999750e-03
-5.612999999999999934e-03
-4.701000000000000317e-03
-1.665999999999999946e-03
2.660000000000000038e-03
5.810000000000000060e-03
7.380000000000000275e-03
7.374000000000000346e-03
4.491000000000000200e-03
1.333999999999999899e-03
9.759999999999999796e-04
2.186000000000000009e-03
1.930999999999999991e-03
2.770000000000000110e-04
1.549000000000000030e-03
5.461999999999999841e-03
8.234000000000000000e-03
8.862999999999999351e-03
6.337999999999999884e-03
1.162999999999999971e-03
-4.832999999999999623e-03
-8.592000000000000678e-03
-7.858999999999999667e-03
-3.089999999999999865e-03
2.520999999999999804e-03
5.433000000000000329e-03
4.609000000000000249e-03
9.779999999999999197e-04
-1.843000000000000020e-03
-6.489999999999999459e-04
2.870000000000000155e-03
3.998999999999999951e-03
2.390999999999999896e-03
-1.320999999999999909e-03
-5.173999999999999780e-03
-5.112000000000000224e-03
2.779999999999999811e-04
5.335999999999999598e-03
5.782999999999999946e-03
3.801000000000000125e-03
3.402000000000000076e-03
5.057999999999999996e-03
7.874000000000000790e-03
1.027499999999999941e-02
1.087600000000000025e-02
1.073200000000000022e-02
1.268500000000000009e-02
1.506700000000000053e-02
1.242700000000000055e-02
7.556000000000000216e-03
2.576000000000000165e-03
-1.974000000000000060e-03
-5.428999999999999798e-03
-2.190999999999999805e-03
1.121199999999999974e-02
2.080299999999999858e-02
1.909200000000000133e-02
1.162700000000000018e-02
6.869000000000000106e-03
8.708000000000000462e-03
1.270800000000000055e-02
1.305599999999999990e-02
9.693000000000000227e-03
4.553999999999999888e-03
3.465000000000000198e-03
8.725000000000000117e-03
1.184999999999999942e-02
5.043999999999999873e-03
-7.953999999999999265e-03
-1.594399999999999984e-02
-1.342999999999999923e-02
-7.305999999999999994e-03
-4.421999999999999716e-03
-9.779999999999999197e-04
5.074000000000000385e-03
1.313899999999999964e-02
2.227300000000000113e-02
2.698700000000000057e-02
2.546700000000000005e-02
2.256299999999999972e-02
2.048200000000000021e-02
1.571399999999999880e-02
8.772000000000000283e-03
5.514999999999999937e-03
7.830000000000000154e-03
1.128799999999999942e-02
1.292599999999999999e-02
1.218699999999999992e-02
1.318899999999999934e-02
1.467000000000000075e-02
1.088899999999999937e-02
5.124000000000000082e-03
-9.699999999999999963e-05
-7.298999999999999932e-03
-1.408900000000000083e-02
-1.583299999999999985e-02
-1.262500000000000080e-02
-7.115999999999999930e-03
-3.200000000000000262e-04
8.061000000000000457e-03
1.813400000000000081e-02
2.859099999999999836e-02
3.625300000000000050e-02
4.187699999999999756e-02
4.300400000000000056e-02
3.866300000000000292e-02
3.218000000000000027e-02
2.475700000000000123e-02
1.905000000000000096e-02
2.191900000000000098e-02
3.059900000000000120e-02
3.382000000000000284e-02
2.195499999999999882e-02
-5.779999999999999548e-04
-1.633499999999999883e-02
-2.102599999999999955e-02
-2.057600000000000054e-02
-1.927200000000000094e-02
-1.281299999999999974e-02
1.216999999999999983e-03
1.723099999999999979e-02
2.650200000000000125e-02
2.481500000000000025e-02
2.128100000000000130e-02
2.705300000000000066e-02
3.899199999999999888e-02
4.827499999999999847e-02
4.705299999999999760e-02
3.439400000000000096e-02
1.106700000000000045e-02
-1.879199999999999968e-02
-3.583000000000000074e-02
-3.600199999999999928e-02
-3.289899999999999769e-02
-3.957200000000000301e-02
-5.002999999999999808e-02
-4.703899999999999748e-02
-2.164200000000000151e-02
1.156599999999999989e-02
3.279599999999999876e-02
4.317300000000000304e-02
4.620500000000000301e-02
3.930399999999999866e-02
3.191399999999999793e-02
3.535800000000000054e-02
4.301900000000000168e-02
3.727199999999999958e-02
1.604399999999999923e-02
-3.220000000000000206e-03
-1.173500000000000064e-02
-1.695400000000000032e-02
-2.066000000000000128e-02
-1.367900000000000019e-02
2.739999999999999814e-03
1.261800000000000074e-02
1.229300000000000011e-02
1.272500000000000020e-02
2.103199999999999861e-02
3.122099999999999875e-02
3.752699999999999786e-02
3.829699999999999771e-02
3.012000000000000094e-02
1.312900000000000005e-02
-8.238999999999999796e-03
-2.280400000000000135e-02
-3.083100000000000077e-02
-4.072599999999999831e-02
-4.935400000000000204e-02
-4.813900000000000123e-02
-4.105899999999999828e-02
-3.306400000000000311e-02
-2.021299999999999833e-02
-2.161000000000000160e-03
9.848000000000000850e-03
1.097000000000000102e-03
-2.198900000000000160e-02
-3.732599999999999807e-02
-4.125700000000000200e-02
-3.863199999999999967e-02
-3.146999999999999797e-02
-1.809799999999999950e-02
1.489000000000000089e-03
1.704900000000000165e-02
1.977800000000000044e-02
9.504000000000000295e-03
-5.989000000000000400e-03
-1.493700000000000062e-02
-1.546299999999999931e-02
-1.348000000000000066e-02
-1.380600000000000056e-02
-1.704999999999999918e-02
-1.878300000000000108e-02
-1.568500000000000102e-02
-3.784000000000000037e-03
1.157399999999999922e-02
2.093100000000000169e-02
2.739099999999999868e-02
2.704300000000000107e-02
7.464000000000000148e-03
-3.150700000000000028e-02
-6.240600000000000314e-02
-6.883100000000000329e-02
-6.703399999999999637e-02
-7.494000000000000661e-02
-9.519600000000000284e-02
-1.189439999999999942e-01
-1.343810000000000004e-01
-1.402239999999999875e-01
-1.432970000000000077e-01
-1.462700000000000111e-01
-1.428969999999999962e-01
-1.310260000000000036e-01
-1.173499999999999960e-01
-1.107220000000000010e-01
-1.115649999999999975e-01
-1.137729999999999991e-01
-1.136680000000000051e-01
-1.118920000000000053e-01
-1.104490000000000055e-01
-1.084289999999999976e-01
-1.045780000000000043e-01
-1.002429999999999988e-01
-9.726100000000000023e-02
-9.514000000000000234e-02
-9.225600000000000467e-02
-8.012400000000000078e-02
-5.007299999999999945e-02
-4.609999999999999840e-04
4.777300000000000296e-02
6.897899999999999865e-02
6.737100000000000033e-02
5.467199999999999838e-02
3.422000000000000042e-02
1.281999999999999980e-02
-1.749999999999999982e-04
-4.470000000000000015e-03
-3.612999999999999892e-03
-1.219999999999999974e-04
7.444000000000000096e-03
1.891899999999999832e-02
2.924699999999999869e-02
3.459999999999999881e-02
3.249599999999999711e-02
8.555999999999999370e-03
-5.744599999999999707e-02
-1.363050000000000095e-01
-1.845130000000000103e-01
-1.965270000000000072e-01
-1.930669999999999886e-01
-1.908579999999999999e-01
-1.902010000000000089e-01
-1.888170000000000126e-01
-1.885670000000000124e-01
-1.909859999999999891e-01
-1.934289999999999898e-01
-1.936489999999999878e-01
-1.887870000000000104e-01
-1.758659999999999946e-01
-1.438599999999999879e-01
-9.903900000000000203e-02
-6.586999999999999800e-02
-5.163600000000000134e-02
-4.750999999999999668e-02
-4.731400000000000189e-02
-4.985499999999999654e-02
-5.369399999999999867e-02
-5.502499999999999752e-02
-5.454099999999999920e-02
-5.255300000000000249e-02
-4.279199999999999671e-02
-1.924500000000000169e-02
1.985900000000000165e-02
6.591299999999999937e-02
1.134040000000000048e-01
1.646040000000000003e-01
2.101240000000000052e-01
2.304479999999999862e-01
2.108849999999999891e-01
1.252350000000000130e-01
-5.550000000000000246e-03
-7.473599999999999688e-02
-8.041700000000000237e-02
-7.136599999999999888e-02
-5.383299999999999891e-02
-1.732999999999999948e-03
8.291600000000000359e-02
1.414880000000000027e-01
1.557139999999999913e-01
1.516079999999999928e-01
1.474890000000000090e-01
1.462600000000000011e-01
1.453270000000000117e-01
1.449449999999999905e-01
1.462050000000000016e-01
1.555469999999999908e-01
1.751999999999999946e-01
1.976400000000000101e-01
2.172630000000000117e-01
2.268320000000000058e-01
2.334219999999999906e-01
2.377599999999999991e-01
2.309100000000000041e-01
1.883469999999999867e-01
8.651499999999999468e-02
-9.025000000000000036e-03
-3.491299999999999959e-02
-1.714200000000000099e-02
2.138800000000000076e-02
7.911600000000000577e-02
1.306569999999999954e-01
1.539510000000000045e-01
1.556279999999999886e-01
1.438510000000000066e-01
1.156800000000000050e-01
7.630099999999999383e-02
3.511800000000000338e-02
-1.122599999999999987e-02
-6.668599999999999528e-02
-1.172060000000000046e-01
-1.424340000000000050e-01
-1.384769999999999890e-01
-1.087850000000000067e-01
-5.041999999999999954e-02
4.245499999999999968e-02
1.532699999999999896e-01
2.398470000000000046e-01
2.749559999999999782e-01
2.812870000000000092e-01
2.769780000000000020e-01
2.646399999999999864e-01
2.399270000000000014e-01
2.024150000000000116e-01
1.722529999999999895e-01
1.482009999999999994e-01
1.103380000000000055e-01
5.482800000000000173e-02
5.702999999999999736e-03
-1.379700000000000024e-02
1.270999999999999994e-03
4.729599999999999776e-02
1.061150000000000010e-01
1.636479999999999879e-01
2.188380000000000047e-01
2.566880000000000273e-01
2.682869999999999977e-01
2.622470000000000079e-01
2.465980000000000116e-01
2.183390000000000053e-01
1.736370000000000136e-01
1.125130000000000019e-01
4.912899999999999906e-02
-3.690000000000000138e-03
-4.040099999999999941e-02
-6.450300000000000478e-02
-7.757699999999999319e-02
-8.374700000000000200e-02
-8.384999999999999398e-02
-7.144399999999999362e-02
-4.224399999999999683e-02
-1.297799999999999995e-02
-2.209000000000000026e-03
-4.699000000000000052e-03
-1.305599999999999990e-02
-3.080499999999999905e-02
-6.151800000000000324e-02
-8.427600000000000369e-02
-9.682999999999999940e-02
-1.031679999999999958e-01
-1.017279999999999990e-01
-9.732699999999999685e-02
-9.237599999999999978e-02
-8.909400000000000652e-02
-9.589899999999999813e-02
-1.264190000000000036e-01
-1.708780000000000021e-01
-2.007279999999999898e-01
-2.068029999999999868e-01
-2.009070000000000022e-01
-1.923700000000000132e-01
-1.839320000000000122e-01
-1.765660000000000007e-01
-1.722619999999999985e-01
-1.716890000000000083e-01
-1.743230000000000057e-01
-1.797880000000000034e-01
-1.851170000000000038e-01
-1.877489999999999992e-01
-1.901430000000000065e-01
-1.886420000000000041e-01
-1.700939999999999952e-01
-1.182160000000000016e-01
-4.357099999999999862e-02
6.551999999999999665e-03
1.716499999999999970e-02
1.404900000000000072e-02
1.287199999999999976e-02
1.410800000000000075e-02
1.838199999999999903e-02
2.503400000000000070e-02
2.908799999999999927e-02
3.078399999999999886e-02
2.683299999999999921e-02
1.081299999999999970e-02
-2.045599999999999849e-02
-5.974299999999999750e-02
-9.397800000000000598e-02
-1.098549999999999943e-01
-1.068550000000000055e-01
-8.554499999999999604e-02
-3.843799999999999994e-02
1.873400000000000065e-02
7.484200000000000574e-02
1.272890000000000132e-01
1.680439999999999989e-01
1.814919999999999867e-01
1.713689999999999936e-01
1.515160000000000118e-01
1.330580000000000096e-01
1.191519999999999940e-01
1.100929999999999964e-01
1.076420000000000016e-01
1.134619999999999934e-01
1.207600000000000062e-01
1.205569999999999975e-01
1.008300000000000030e-01
4.345600000000000157e-02
-3.057800000000000101e-02
-9.612600000000000311e-02
-1.291670000000000040e-01
-1.295080000000000120e-01
-1.237160000000000065e-01
-1.146319999999999978e-01
-9.774599999999999955e-02
-8.369400000000000450e-02
-8.081900000000000195e-02
-8.337100000000000066e-02
-8.224599999999999966e-02
-7.053500000000000048e-02
-5.990100000000000285e-02
-6.490999999999999548e-02
-8.530400000000000482e-02
-1.076779999999999959e-01
-1.233749999999999986e-01
-1.345409999999999939e-01
-1.479830000000000034e-01
-1.605370000000000130e-01
-1.671930000000000083e-01
-1.699070000000000025e-01
-1.701050000000000062e-01
-1.672919999999999963e-01
-1.557070000000000121e-01
-1.339549999999999907e-01
-1.063520000000000021e-01
-7.799699999999999689e-02
-5.255699999999999955e-02
-3.563800000000000301e-02
-3.070700000000000165e-02
-3.525999999999999968e-02
-4.273099999999999815e-02
-4.447799999999999671e-02
-3.145400000000000279e-02
-1.176299999999999915e-02
-1.830000000000000029e-04
1.822999999999999968e-03
4.717999999999999972e-03
1.437399999999999962e-02
2.463200000000000112e-02
3.275200000000000333e-02
4.826799999999999841e-02
7.792499999999999427e-02
1.188170000000000059e-01
1.621019999999999961e-01
2.028749999999999998e-01
2.323570000000000080e-01
2.431580000000000130e-01
2.340669999999999973e-01
1.995210000000000039e-01
1.367939999999999989e-01
7.771899999999999642e-02
3.866800000000000098e-02
1.183400000000000077e-02
-2.694000000000000214e-03
-6.812999999999999612e-03
-1.100300000000000063e-02
-2.604700000000000071e-02
-4.305400000000000199e-02
-4.122599999999999876e-02
-2.005999999999999971e-03
5.555000000000000215e-02
7.714899999999999536e-02
6.727600000000000247e-02
5.203399999999999692e-02
3.632599999999999718e-02
1.843500000000000000e-02
-2.693000000000000081e-03
-1.774200000000000083e-02
-1.445100000000000030e-02
6.764000000000000047e-03
2.847500000000000031e-02
3.426200000000000079e-02
2.404099999999999987e-02
1.250000000000000026e-04
-3.184000000000000025e-02
-5.750000000000000250e-02
-6.834600000000000397e-02
-6.081099999999999700e-02
-2.258299999999999891e-02
2.872900000000000106e-02
7.289600000000000246e-02
9.382000000000000062e-02
8.470900000000000651e-02
6.479100000000000137e-02
5.968099999999999794e-02
7.624799999999999633e-02
1.065210000000000046e-01
1.353910000000000113e-01
1.559750000000000025e-01
1.653499999999999970e-01
1.610240000000000005e-01
1.471530000000000060e-01
1.290699999999999903e-01
1.173880000000000062e-01
1.177229999999999943e-01
1.229599999999999999e-01
1.247820000000000040e-01
1.183639999999999970e-01
9.206499999999999406e-02
5.343400000000000233e-02
1.595299999999999843e-02
-1.938099999999999892e-02
-5.210700000000000054e-02
-7.410799999999999332e-02
-7.739200000000000246e-02
-6.648700000000000443e-02
-5.655799999999999716e-02
-5.224000000000000171e-02
-4.405499999999999694e-02
-2.257299999999999932e-02
-3.598000000000000070e-03
-4.049999999999999781e-03
-1.904199999999999990e-02
-2.750500000000000167e-02
-1.316299999999999935e-02
2.137899999999999870e-02
4.719399999999999984e-02
4.365700000000000136e-02
9.551000000000000462e-03
-4.264899999999999941e-02
-9.320699999999999819e-02
-1.367720000000000047e-01
-1.677559999999999885e-01
-1.879699999999999982e-01
-1.994779999999999887e-01
-2.046709999999999918e-01
-2.109880000000000089e-01
-2.191379999999999995e-01
-2.246970000000000078e-01
-2.220459999999999934e-01
-1.991809999999999969e-01
-1.444640000000000091e-01
-8.874899999999999456e-02
-6.953099999999999559e-02
-7.370500000000000662e-02
-7.725799999999999335e-02
-7.151499999999999524e-02
-4.165699999999999958e-02
5.192999999999999700e-03
2.331400000000000139e-02
1.737000000000000002e-02
1.228800000000000031e-02
1.440400000000000014e-02
2.048300000000000121e-02
2.931200000000000125e-02
4.382300000000000084e-02
6.770099999999999729e-02
9.395900000000000085e-02
1.137709999999999971e-01
1.340300000000000102e-01
1.434789999999999954e-01
1.178369999999999973e-01
6.471300000000000663e-02
3.145099999999999979e-02
3.647999999999999854e-02
6.390200000000000047e-02
1.009530000000000011e-01
1.405160000000000020e-01
1.692289999999999905e-01
1.950659999999999894e-01
2.258519999999999972e-01
2.443659999999999999e-01
2.400210000000000121e-01
2.200129999999999864e-01
2.058349999999999902e-01
2.066300000000000081e-01
2.122880000000000045e-01
2.123440000000000050e-01
1.994199999999999862e-01
1.631700000000000095e-01
1.087489999999999984e-01
5.381600000000000272e-02
1.456999999999999962e-03
-4.194799999999999918e-02
-6.026399999999999813e-02
-5.599300000000000110e-02
-3.972900000000000043e-02
-2.274899999999999839e-02
-7.872000000000000525e-03
1.742099999999999899e-02
6.165899999999999853e-02
1.043739999999999946e-01
1.262570000000000081e-01
1.384380000000000055e-01
1.451929999999999887e-01
1.360649999999999915e-01
9.722600000000000686e-02
3.730200000000000182e-02
-2.013699999999999865e-02
-7.387399999999999523e-02
-1.211870000000000031e-01
-1.536430000000000018e-01
-1.737200000000000133e-01
-1.898809999999999942e-01
-2.015820000000000112e-01
-2.038149999999999962e-01
-1.980540000000000078e-01
-1.915050000000000086e-01
-1.843640000000000001e-01
-1.642389999999999961e-01
-1.170950000000000046e-01
-7.026499999999999413e-02
-5.738800000000000151e-02
-6.766500000000000292e-02
-9.034200000000000563e-02
-1.276130000000000042e-01
-1.648759999999999948e-01
-1.831780000000000075e-01
-1.819870000000000099e-01
-1.673630000000000118e-01
-1.296740000000000115e-01
-7.281799999999999384e-02
-1.669299999999999951e-02
1.965099999999999833e-02
2.861700000000000008e-02
2.216600000000000167e-02
1.434599999999999938e-02
1.358099999999999932e-02
2.156800000000000037e-02
3.740799999999999681e-02
6.767399999999999805e-02
1.132009999999999961e-01
1.609130000000000005e-01
1.976700000000000124e-01
2.190149999999999875e-01
2.278600000000000070e-01
1.947629999999999917e-01
8.916100000000000414e-02
-3.795300000000000062e-02
-1.441679999999999906e-01
-1.863869999999999971e-01
-1.672790000000000110e-01
-1.231219999999999953e-01
-9.529100000000000070e-02
-1.033270000000000022e-01
-1.351269999999999971e-01
-1.694599999999999995e-01
-1.934960000000000013e-01
-2.058169999999999999e-01
-2.099030000000000062e-01
-2.076520000000000032e-01
-2.014539999999999942e-01
-1.981970000000000121e-01
-2.045549999999999868e-01
-2.174780000000000046e-01
-2.274220000000000130e-01
-2.311660000000000104e-01
-2.109910000000000119e-01
-1.736409999999999898e-01
-1.419719999999999871e-01
-1.131999999999999951e-01
-8.929199999999999637e-02
-8.175300000000000622e-02
-8.063499999999999834e-02
-6.776500000000000579e-02
-4.499600000000000127e-02
-2.960899999999999990e-02
-2.814799999999999941e-02
-3.482699999999999685e-02
-4.530100000000000099e-02
-5.672800000000000065e-02
-6.610900000000000110e-02
-6.949700000000000322e-02
-6.539399999999999380e-02
-5.103099999999999997e-02
-2.373400000000000162e-02
2.432999999999999833e-03
1.421700000000000047e-02
2.052700000000000011e-02
3.170200000000000101e-02
5.417099999999999693e-02
8.682199999999999640e-02
1.250680000000000125e-01
1.683360000000000134e-01
2.121979999999999977e-01
2.537679999999999936e-01
2.822169999999999956e-01
2.903769999999999962e-01
2.803979999999999806e-01
2.386179999999999968e-01
1.772930000000000061e-01
1.177419999999999994e-01
6.116499999999999715e-02
4.106000000000000275e-03
-4.706599999999999673e-02
-7.874799999999999855e-02
-8.735600000000000309e-02
-7.975100000000000244e-02
-6.056700000000000278e-02
-2.381499999999999936e-02
2.512599999999999903e-02
6.336400000000000365e-02
8.529299999999999382e-02
9.609700000000000186e-02
9.113300000000000567e-02
7.114399999999999891e-02
5.252500000000000224e-02
4.992499999999999716e-02
6.519199999999999995e-02
9.182600000000000484e-02
1.171230000000000049e-01
1.303739999999999899e-01
1.295739999999999947e-01
1.069480000000000014e-01
5.824000000000000010e-02
3.654000000000000130e-03
-4.411099999999999743e-02
-7.597500000000000087e-02
-8.548500000000000543e-02
-7.403400000000000258e-02
-4.893999999999999739e-02
-2.537599999999999925e-02
-1.062199999999999950e-02
-1.239000000000000084e-03
6.230000000000000294e-03
1.865699999999999997e-02
3.933899999999999897e-02
6.713399999999999923e-02
9.578399999999999415e-02
1.077840000000000048e-01
8.767500000000000293e-02
4.495099999999999790e-02
1.847000000000000031e-02
1.855100000000000152e-02
2.903899999999999884e-02
4.159999999999999809e-02
5.361699999999999799e-02
6.771699999999999942e-02
7.819399999999999962e-02
7.857799999999999507e-02
7.272299999999999598e-02
6.936000000000000498e-02
7.471099999999999963e-02
8.870000000000000107e-02
1.041640000000000066e-01
1.162360000000000060e-01
1.290679999999999883e-01
1.462670000000000081e-01
1.710409999999999986e-01
2.086149999999999949e-01
2.507349999999999857e-01
2.910760000000000014e-01
3.249349999999999739e-01
3.469010000000000149e-01
3.552759999999999807e-01
3.525710000000000233e-01
3.385050000000000003e-01
3.152989999999999959e-01
2.948049999999999837e-01
2.881630000000000025e-01
2.950059999999999905e-01
3.078119999999999745e-01
3.143610000000000015e-01
3.003120000000000234e-01
2.603289999999999771e-01
2.114040000000000086e-01
1.387480000000000102e-01
2.653200000000000003e-02
-8.595200000000000062e-02
-1.660419999999999952e-01
-2.120269999999999933e-01
-2.287569999999999881e-01
-2.370950000000000002e-01
-2.533299999999999996e-01
-2.780779999999999919e-01
-3.009169999999999900e-01
-3.262570000000000192e-01
-3.558769999999999989e-01
-3.779680000000000262e-01
-3.874079999999999746e-01
-3.917950000000000044e-01
-3.830899999999999861e-01
-3.630659999999999998e-01
-3.473330000000000028e-01
-3.353590000000000182e-01
-3.129120000000000235e-01
-2.782140000000000168e-01
-2.444270000000000054e-01
-2.129280000000000062e-01
-1.804369999999999863e-01
-1.454719999999999902e-01
-1.115710000000000035e-01
-8.127600000000000102e-02
-5.654200000000000198e-02
-3.566899999999999932e-02
-2.306899999999999923e-02
-2.156500000000000083e-02
-2.731700000000000100e-02
-3.272400000000000309e-02
-3.143800000000000067e-02
-2.849399999999999850e-02
-2.608100000000000002e-02
-2.264999999999999999e-02
-1.597700000000000162e-02
-7.744000000000000015e-03
-4.629999999999999784e-04
9.634000000000000202e-03
2.675200000000000147e-02
4.409699999999999731e-02
4.851599999999999663e-02
3.916900000000000243e-02
2.267699999999999924e-02
8.208999999999999284e-03
-4.699999999999999724e-05
-1.064999999999999974e-03
6.321000000000000230e-03
1.932199999999999890e-02
3.394300000000000095e-02
5.084400000000000031e-02
7.306200000000000194e-02
1.011299999999999977e-01
1.305969999999999909e-01
1.591430000000000067e-01
1.785680000000000045e-01
1.795990000000000086e-01
1.568140000000000089e-01
1.062609999999999943e-01
4.565999999999999920e-02
1.119400000000000082e-02
7.388999999999999735e-03
1.011300000000000046e-02
1.602500000000000105e-02
3.506200000000000289e-02
6.165299999999999947e-02
6.903700000000000114e-02
3.360799999999999899e-02
-2.380399999999999877e-02
-7.719600000000000073e-02
-1.138959999999999972e-01
-1.246329999999999938e-01
-1.184930000000000011e-01
-1.098429999999999962e-01
-1.083469999999999989e-01
-1.194680000000000047e-01
-1.475160000000000082e-01
-1.771310000000000107e-01
-1.916680000000000050e-01
-1.936340000000000006e-01
-1.894059999999999910e-01
-1.796939999999999926e-01
-1.635830000000000062e-01
-1.397079999999999989e-01
-1.115010000000000029e-01
-9.016499999999999515e-02
-8.478700000000000125e-02
-9.582799999999999652e-02
-1.201450000000000018e-01
-1.441270000000000051e-01
-1.525100000000000067e-01
-1.457720000000000127e-01
-1.218859999999999943e-01
-8.289499999999999647e-02
-4.035299999999999998e-02
2.799999999999999755e-04
4.207700000000000329e-02
8.424600000000000144e-02
1.251059999999999950e-01
1.647000000000000131e-01
1.969579999999999942e-01
2.153529999999999889e-01
2.252280000000000115e-01
2.321590000000000042e-01
2.363830000000000098e-01
2.389159999999999895e-01
2.398470000000000046e-01
2.336809999999999998e-01
2.178609999999999991e-01
1.961630000000000040e-01
1.720270000000000132e-01
1.479890000000000094e-01
1.301470000000000127e-01
1.163539999999999991e-01
9.785699999999999954e-02
7.316999999999999893e-02
5.471399999999999875e-02
5.292100000000000276e-02
6.893399999999999528e-02
9.233800000000000341e-02
1.018649999999999972e-01
8.769699999999999718e-02
5.160399999999999709e-02
9.150999999999999412e-03
-3.117199999999999832e-02
-7.168499999999999872e-02
-1.070860000000000006e-01
-1.335240000000000038e-01
-1.559520000000000073e-01
-1.714990000000000125e-01
-1.789779999999999982e-01
-1.806599999999999873e-01
-1.786689999999999945e-01
-1.813109999999999999e-01
-1.926430000000000087e-01
-2.049779999999999935e-01
-2.142930000000000113e-01
-2.240250000000000019e-01
-2.347789999999999877e-01
-2.369330000000000047e-01
-2.016719999999999902e-01
-1.477189999999999892e-01
-1.067479999999999957e-01
-7.336700000000000166e-02
-4.501000000000000140e-02
-2.659999999999999865e-02
-1.508699999999999972e-02
-7.420999999999999645e-03
1.879999999999999944e-03
2.147100000000000050e-02
6.060999999999999721e-02
1.100140000000000007e-01
1.541980000000000017e-01
1.807209999999999928e-01
1.874669999999999948e-01
1.750410000000000021e-01
1.481699999999999962e-01
1.232739999999999947e-01
1.143910000000000066e-01
1.176630000000000037e-01
1.260249999999999981e-01
1.330540000000000056e-01
1.290830000000000033e-01
1.041529999999999956e-01
5.391300000000000259e-02
-1.799000000000000035e-03
-5.529400000000000287e-02
-1.092660000000000020e-01
-1.597689999999999944e-01
-1.915689999999999893e-01
-2.071999999999999953e-01
-2.101449999999999985e-01
-1.998050000000000104e-01
-1.782860000000000000e-01
-1.490849999999999953e-01
-1.230139999999999983e-01
-1.087159999999999932e-01
-1.026269999999999960e-01
-9.942199999999999649e-02
-9.138100000000000389e-02
-6.847599999999999520e-02
-2.831799999999999942e-02
1.747500000000000095e-02
6.624299999999999633e-02
1.128360000000000057e-01
1.460249999999999881e-01
1.641600000000000004e-01
1.709960000000000091e-01
1.692309999999999925e-01
1.633189999999999920e-01
1.579609999999999903e-01
1.561980000000000035e-01
1.572129999999999916e-01
1.579979999999999996e-01
1.544190000000000007e-01
1.439840000000000009e-01
1.272179999999999978e-01
1.136569999999999941e-01
1.087660000000000016e-01
1.080419999999999991e-01
1.037750000000000061e-01
9.606599999999999862e-02
8.607499999999999873e-02
6.921299999999999675e-02
3.757499999999999729e-02
-8.168999999999999179e-03
-4.482200000000000073e-02
-6.292100000000000470e-02
-7.068699999999999983e-02
-6.963099999999999845e-02
-5.666500000000000009e-02
-2.807000000000000120e-02
1.077000000000000006e-02
4.235300000000000176e-02
5.480899999999999661e-02
4.908099999999999963e-02
2.480999999999999872e-02
-1.248600000000000057e-02
-4.212699999999999778e-02
-5.405299999999999688e-02
-5.325200000000000072e-02
-3.975399999999999767e-02
-9.138999999999999554e-03
2.507200000000000054e-02
4.412300000000000250e-02
4.557200000000000140e-02
3.515000000000000069e-02
1.662699999999999942e-02
3.899999999999999929e-04
-5.513999999999999804e-03
-4.448999999999999830e-03
-2.037999999999999881e-03
-1.219999999999999974e-04
-2.247999999999999998e-03
-1.224699999999999921e-02
-2.719699999999999895e-02
-4.553900000000000309e-02
-6.986599999999999755e-02
-9.946900000000000186e-02
-1.289619999999999933e-01
-1.528779999999999861e-01
-1.648449999999999915e-01
-1.656620000000000037e-01
-1.581629999999999980e-01
-1.446199999999999986e-01
-1.267820000000000058e-01
-1.102159999999999945e-01
-9.458900000000000641e-02
-7.966499999999999970e-02
-6.634700000000000319e-02
-5.578899999999999831e-02
-4.701199999999999823e-02
-3.489199999999999940e-02
-2.241599999999999843e-02
-1.763899999999999843e-02
-1.817099999999999965e-02
-1.747900000000000148e-02
-1.286499999999999970e-02
-4.452000000000000228e-03
3.030000000000000141e-03
4.276000000000000287e-03
-4.742999999999999820e-03
-2.511299999999999991e-02
-5.272600000000000203e-02
-8.208799999999999430e-02
-1.072800000000000004e-01
-1.221389999999999976e-01
-1.258630000000000027e-01
-1.222219999999999973e-01
-1.135509999999999992e-01
-1.042160000000000031e-01
-9.919300000000000339e-02
-9.867399999999999782e-02
-9.670700000000000129e-02
-8.806999999999999551e-02
-7.338500000000000578e-02
-5.937800000000000022e-02
-4.775599999999999984e-02
-3.470399999999999874e-02
-2.322700000000000112e-02
-1.836600000000000038e-02
-2.085599999999999954e-02
-3.088000000000000120e-02
-4.845399999999999707e-02
-6.193599999999999800e-02
-6.372899999999999399e-02
-5.601600000000000329e-02
-3.756400000000000017e-02
-7.979999999999999247e-03
2.555199999999999833e-02
6.367000000000000437e-02
1.046180000000000027e-01
1.418909999999999894e-01
1.720180000000000042e-01
1.948880000000000057e-01
2.147610000000000074e-01
2.290069999999999883e-01
2.383679999999999966e-01
2.449439999999999951e-01
2.501309999999999922e-01
2.498460000000000125e-01
2.343999999999999972e-01
1.868710000000000093e-01
1.176129999999999953e-01
4.909299999999999775e-02
-1.312999999999999931e-02
-6.599700000000000011e-02
-1.065900000000000042e-01
-1.350739999999999996e-01
-1.535960000000000103e-01
-1.641309999999999991e-01
-1.697240000000000137e-01
-1.744789999999999952e-01
-1.771340000000000137e-01
-1.756630000000000136e-01
-1.662820000000000131e-01
-1.405170000000000030e-01
-9.750499999999999445e-02
-4.691200000000000231e-02
3.635000000000000210e-03
5.430600000000000011e-02
1.009710000000000052e-01
1.327720000000000011e-01
1.486099999999999921e-01
1.554919999999999913e-01
1.553309999999999969e-01
1.458540000000000114e-01
1.273930000000000062e-01
1.081769999999999954e-01
9.272600000000000287e-02
7.758800000000000419e-02
5.939900000000000041e-02
4.016900000000000331e-02
2.434199999999999905e-02
1.332400000000000077e-02
7.660000000000000142e-03
6.099000000000000254e-03
5.179999999999999709e-03
6.696999999999999828e-03
1.362599999999999922e-02
2.461599999999999899e-02
3.571300000000000169e-02
4.466500000000000331e-02
5.179999999999999882e-02
5.740699999999999970e-02
6.169999999999999790e-02
6.644100000000000006e-02
7.401399999999999646e-02
8.678299999999999903e-02
1.023580000000000045e-01
1.160569999999999935e-01
1.232250000000000012e-01
1.225770000000000054e-01
1.122380000000000044e-01
9.321799999999999531e-02
7.264099999999999724e-02
5.354799999999999838e-02
3.602000000000000340e-02
2.135300000000000045e-02
1.414999999999999938e-02
1.432699999999999946e-02
1.811000000000000110e-02
2.328799999999999967e-02
2.646599999999999994e-02
2.444199999999999845e-02
1.552899999999999940e-02
1.276999999999999923e-03
-1.533600000000000067e-02
-2.976900000000000032e-02
-3.740999999999999881e-02
-3.610000000000000014e-02
-2.988999999999999990e-02
-2.231500000000000150e-02
-1.367600000000000066e-02
-4.539999999999999765e-03
6.036999999999999832e-03
1.644999999999999934e-02
2.511100000000000138e-02
3.079600000000000046e-02
3.162600000000000133e-02
2.665999999999999967e-02
1.675000000000000100e-02
7.811000000000000235e-03
2.759000000000000168e-03
-5.429999999999999714e-04
-3.233999999999999896e-03
-6.074000000000000406e-03
-8.928999999999999437e-03
-1.108899999999999990e-02
-1.119799999999999962e-02
-1.084599999999999974e-02
-1.082999999999999935e-02
-1.099900000000000010e-02
-1.271800000000000014e-02
-1.835799999999999932e-02
-2.726500000000000104e-02
-3.508300000000000307e-02
-3.944700000000000290e-02
-3.969299999999999912e-02
-3.912399999999999906e-02
-4.028099999999999736e-02
-4.414200000000000068e-02
-4.902499999999999913e-02
-5.550000000000000072e-02
-6.260899999999999799e-02
-6.962300000000000433e-02
-7.718400000000000261e-02
-8.644200000000000494e-02
-9.454700000000000604e-02
-1.000909999999999994e-01
-1.057209999999999955e-01
-1.141090000000000021e-01
-1.262379999999999891e-01
-1.370159999999999989e-01
-1.423689999999999956e-01
-1.437239999999999907e-01
-1.434199999999999919e-01
-1.416239999999999999e-01
-1.362599999999999922e-01
-1.252870000000000095e-01
-1.038099999999999995e-01
-7.488999999999999824e-02
-4.962799999999999850e-02
-3.228400000000000020e-02
-1.616400000000000128e-02
5.503000000000000079e-03
3.327499999999999902e-02
6.344900000000000539e-02
9.159000000000000474e-02
1.206229999999999941e-01
1.491679999999999950e-01
1.678769999999999984e-01
1.772330000000000017e-01
1.804030000000000078e-01
1.757009999999999961e-01
1.621370000000000033e-01
1.443210000000000048e-01
1.268279999999999963e-01
1.126660000000000023e-01
1.013130000000000003e-01
8.943199999999999761e-02
7.541399999999999493e-02
6.030699999999999950e-02
4.508800000000000308e-02
3.047499999999999862e-02
1.655200000000000074e-02
6.220999999999999967e-03
1.299000000000000024e-03
1.518999999999999951e-03
3.595000000000000105e-03
1.335000000000000032e-03
-6.490000000000000109e-03
-1.643400000000000069e-02
-2.457000000000000156e-02
-2.776999999999999955e-02
-2.330099999999999880e-02
-1.347500000000000087e-02
-1.959999999999999937e-04
1.356699999999999920e-02
2.246300000000000033e-02
2.336900000000000088e-02
1.477400000000000067e-02
-4.125000000000000194e-03
-2.563299999999999954e-02
-4.056799999999999989e-02
-4.804499999999999743e-02
-5.047499999999999903e-02
-4.651199999999999779e-02
-3.633600000000000024e-02
-1.667499999999999885e-02
1.192600000000000084e-02
3.980700000000000210e-02
6.245099999999999957e-02
7.707799999999999374e-02
8.403399999999999759e-02
8.564900000000000291e-02
8.148900000000000587e-02
7.070300000000000196e-02
5.371599999999999986e-02
3.193700000000000011e-02
5.027000000000000218e-03
-2.206800000000000081e-02
-4.603000000000000147e-02
-6.141300000000000231e-02
-6.481800000000000062e-02
-6.252199999999999425e-02
-5.741099999999999676e-02
-4.941600000000000159e-02
-4.235300000000000176e-02
-3.759300000000000141e-02
-3.435400000000000259e-02
-2.928400000000000100e-02
-1.516900000000000019e-02
1.228399999999999978e-02
4.506000000000000283e-02
7.274300000000000210e-02
9.435100000000000431e-02
1.112660000000000038e-01
1.222280000000000033e-01
1.261690000000000034e-01
1.231310000000000043e-01
1.131899999999999989e-01
9.950199999999999323e-02
8.558499999999999441e-02
7.411700000000000232e-02
5.981500000000000011e-02
4.029499999999999749e-02
1.796499999999999833e-02
-1.525000000000000097e-03
-1.234400000000000081e-02
-1.587399999999999922e-02
-1.837300000000000044e-02
-2.441300000000000067e-02
-3.481700000000000073e-02
-4.651700000000000279e-02
-5.713700000000000029e-02
-6.650499999999999468e-02
-7.448000000000000453e-02
-8.026800000000000601e-02
-8.329100000000000392e-02
-8.268799999999999761e-02
-7.854500000000000370e-02
-7.278300000000000047e-02
-6.488299999999999623e-02
-6.104899999999999910e-02
-6.471599999999999575e-02
-7.317200000000000093e-02
-8.262999999999999512e-02
-8.827000000000000124e-02
-8.674999999999999378e-02
-8.067100000000000659e-02
-7.260600000000000387e-02
-6.331399999999999528e-02
-5.621500000000000108e-02
-5.101499999999999785e-02
-4.627400000000000263e-02
-4.303300000000000181e-02
-4.160400000000000209e-02
-4.159199999999999703e-02
-4.175199999999999745e-02
-4.171300000000000008e-02
-4.158900000000000097e-02
-3.953299999999999870e-02
-3.543700000000000322e-02
-3.185299999999999937e-02
-2.837299999999999892e-02
-2.544499999999999887e-02
-2.086599999999999913e-02
-1.586800000000000016e-02
-1.016000000000000063e-02
-3.150000000000000022e-03
4.697999999999999919e-03
1.225799999999999980e-02
1.697200000000000097e-02
1.850200000000000108e-02
1.991800000000000168e-02
2.280700000000000088e-02
2.661600000000000077e-02
3.184599999999999931e-02
3.765199999999999797e-02
4.356399999999999856e-02
5.104100000000000303e-02
5.964799999999999963e-02
6.737999999999999545e-02
7.405599999999999683e-02
7.902299999999999602e-02
7.815199999999999925e-02
7.145700000000000662e-02
5.790000000000000008e-02
3.568299999999999944e-02
1.362799999999999949e-02
-1.147999999999999932e-03
-1.060900000000000037e-02
-1.821199999999999902e-02
-2.435999999999999971e-02
-3.115199999999999914e-02
-4.229399999999999826e-02
-5.463900000000000007e-02
-6.115700000000000303e-02
-6.179799999999999877e-02
-5.809099999999999681e-02
-5.233299999999999758e-02
-4.644899999999999723e-02
-4.071099999999999719e-02
-3.447000000000000064e-02
-2.730199999999999988e-02
-2.013099999999999959e-02
-1.356399999999999967e-02
-8.368000000000000438e-03
-5.629000000000000323e-03
-6.459000000000000331e-03
-1.066699999999999940e-02
-1.790200000000000125e-02
-2.688099999999999865e-02
-3.650699999999999779e-02
-4.510299999999999726e-02
-5.333299999999999846e-02
-6.176600000000000146e-02
-7.042400000000000049e-02
-8.126600000000000490e-02
-9.365999999999999326e-02
-1.030520000000000047e-01
-1.055460000000000009e-01
-9.930600000000000538e-02
-8.109299999999999842e-02
-5.204899999999999805e-02
-2.414499999999999980e-02
-9.813999999999999807e-03
-7.265999999999999889e-03
-8.448999999999999913e-03
-9.279000000000000789e-03
-6.651999999999999927e-03
3.049999999999999868e-04
1.026900000000000035e-02
2.213899999999999896e-02
3.526800000000000074e-02
4.568300000000000138e-02
5.149800000000000211e-02
5.410899999999999738e-02
5.567500000000000226e-02
5.786399999999999877e-02
5.735200000000000020e-02
4.941799999999999665e-02
3.444799999999999945e-02
2.021600000000000133e-02
1.173199999999999937e-02
9.157999999999999474e-03
1.202300000000000070e-02
1.776300000000000101e-02
2.322099999999999859e-02
2.563199999999999854e-02
2.535199999999999954e-02
2.436999999999999930e-02
2.200099999999999972e-02
1.755999999999999922e-02
9.218999999999999764e-03
-9.510000000000000224e-04
-1.146800000000000076e-02
-2.255100000000000160e-02
-3.260500000000000204e-02
-3.721200000000000202e-02
-3.611500000000000127e-02
-2.987000000000000072e-02
-1.875100000000000031e-02
-4.070999999999999966e-03
7.066000000000000232e-03
1.132299999999999973e-02
1.420899999999999941e-02
1.657199999999999993e-02
1.877300000000000149e-02
2.261900000000000022e-02
2.675299999999999900e-02
2.801500000000000171e-02
2.809000000000000039e-02
3.084599999999999842e-02
3.640100000000000280e-02
4.229399999999999826e-02
4.777700000000000002e-02
5.332699999999999940e-02
5.787099999999999883e-02
5.814500000000000224e-02
5.382900000000000185e-02
4.716299999999999659e-02
4.356800000000000256e-02
4.391099999999999864e-02
4.442100000000000215e-02
4.509500000000000314e-02
4.644600000000000117e-02
4.654400000000000204e-02
4.419499999999999817e-02
3.720699999999999702e-02
2.491399999999999865e-02
1.103200000000000014e-02
-5.964999999999999816e-03
-2.205599999999999922e-02
-3.021799999999999833e-02
-3.203199999999999797e-02
-3.175999999999999657e-02
-2.922399999999999998e-02
-2.199699999999999919e-02
-1.098400000000000071e-02
1.394000000000000057e-03
1.015399999999999983e-02
1.255999999999999998e-02
9.636999999999999733e-03
4.493999999999999731e-03
-2.517999999999999839e-03
-7.799999999999999642e-03
-6.041000000000000363e-03
3.768000000000000082e-03
2.073799999999999949e-02
4.130500000000000144e-02
5.696799999999999781e-02
6.343000000000000027e-02
6.336200000000000165e-02
6.021900000000000169e-02
5.484300000000000286e-02
4.974200000000000149e-02
4.834700000000000109e-02
5.060699999999999921e-02
5.557800000000000240e-02
5.897800000000000264e-02
6.022700000000000276e-02
6.034799999999999887e-02
5.723299999999999915e-02
4.945499999999999896e-02
3.661999999999999977e-02
1.890800000000000120e-02
-2.605000000000000111e-03
-2.139599999999999835e-02
-3.269999999999999990e-02
-3.800400000000000306e-02
-3.823900000000000216e-02
-3.610100000000000114e-02
-3.209499999999999853e-02
-2.699999999999999969e-02
-2.370500000000000038e-02
-2.221599999999999964e-02
-1.922199999999999950e-02
-1.314500000000000043e-02
-4.590000000000000330e-03
5.341000000000000261e-03
1.328099999999999940e-02
1.835399999999999879e-02
2.052299999999999958e-02
2.037699999999999928e-02
1.951500000000000110e-02
1.727100000000000163e-02
1.329600000000000053e-02
9.244000000000000480e-03
7.934999999999999346e-03
8.777000000000000079e-03
1.041399999999999965e-02
1.071700000000000083e-02
6.847999999999999921e-03
-2.759000000000000168e-03
-1.178099999999999981e-02
-1.399599999999999976e-02
-1.160600000000000000e-02
-7.603999999999999648e-03
-5.827999999999999847e-03
-7.905000000000000568e-03
-1.421799999999999974e-02
-2.638199999999999920e-02
-4.331499999999999934e-02
-6.039100000000000024e-02
-7.235300000000000065e-02
-7.889300000000000479e-02
-8.036899999999999600e-02
-7.842999999999999972e-02
-7.252200000000000313e-02
-6.343100000000000127e-02
-5.291400000000000270e-02
-3.947900000000000020e-02
-2.383199999999999902e-02
-1.166799999999999955e-02
-8.231000000000000469e-03
-1.445500000000000083e-02
-2.784000000000000016e-02
-4.106699999999999934e-02
-4.973500000000000143e-02
-5.738499999999999851e-02
-6.356199999999999350e-02
-6.607499999999999485e-02
-6.506800000000000084e-02
-6.066900000000000071e-02
-5.326800000000000285e-02
-4.351399999999999713e-02
-3.348299999999999887e-02
-2.442700000000000080e-02
-1.870600000000000041e-02
-1.884800000000000017e-02
-2.413099999999999967e-02
-3.029000000000000095e-02
-3.557300000000000045e-02
-3.904900000000000038e-02
-3.934200000000000197e-02
-3.551399999999999696e-02
-2.663000000000000089e-02
-1.357700000000000053e-02
4.107000000000000407e-03
2.060199999999999879e-02
3.491400000000000059e-02
4.838300000000000239e-02
5.890000000000000097e-02
6.568200000000000427e-02
6.922799999999999787e-02
6.910199999999999676e-02
6.521899999999999920e-02
6.061099999999999821e-02
5.660099999999999854e-02
5.368900000000000061e-02
5.112099999999999977e-02
4.828899999999999859e-02
4.609900000000000109e-02
4.557499999999999746e-02
4.365200000000000330e-02
3.805800000000000155e-02
2.994399999999999840e-02
2.004900000000000085e-02
1.079800000000000031e-02
4.455999999999999892e-03
1.410000000000000012e-03
-9.879999999999999460e-04
-3.811000000000000151e-03
-6.722999999999999809e-03
-1.027100000000000062e-02
-1.453899999999999984e-02
-1.787599999999999953e-02
-2.147699999999999956e-02
-2.356099999999999861e-02
-2.335599999999999829e-02
-2.225600000000000148e-02
-2.102700000000000055e-02
-2.230899999999999897e-02
-2.673299999999999982e-02
-3.078099999999999933e-02
-3.330199999999999827e-02
-3.394699999999999801e-02
-3.035500000000000004e-02
-2.244700000000000167e-02
-1.145000000000000011e-02
-3.076000000000000175e-03
4.640000000000000027e-04
7.140000000000000079e-04
4.040000000000000080e-04
9.810000000000001011e-04
3.854999999999999920e-03
6.827999999999999868e-03
9.546000000000000665e-03
1.006499999999999929e-02
6.478000000000000251e-03
-1.489000000000000089e-03
-1.067500000000000046e-02
-1.593200000000000172e-02
-1.654500000000000068e-02
-1.376100000000000066e-02
-9.979999999999999288e-03
-5.359000000000000048e-03
-2.399999999999999790e-03
1.598999999999999944e-03
5.022999999999999687e-03
2.665999999999999967e-03
-4.270000000000000358e-03
-1.305100000000000010e-02
-1.998399999999999829e-02
-2.158099999999999949e-02
-1.742399999999999852e-02
-9.251999999999999807e-03
1.521999999999999915e-03
8.330999999999999864e-03
9.993000000000000146e-03
7.321000000000000250e-03
-1.128000000000000096e-03
-1.447099999999999949e-02
-2.740099999999999827e-02
-3.346199999999999869e-02
-3.325399999999999884e-02
-3.014400000000000066e-02
-2.358199999999999880e-02
-1.690600000000000089e-02
-1.391500000000000029e-02
-1.463899999999999924e-02
-1.735400000000000137e-02
-1.901500000000000065e-02
-1.861399999999999860e-02
-1.557000000000000051e-02
-8.153999999999999790e-03
3.596999999999999937e-03
1.980399999999999869e-02
3.670400000000000051e-02
4.959500000000000020e-02
5.724800000000000028e-02
5.912400000000000294e-02
5.637500000000000150e-02
5.292800000000000282e-02
4.930799999999999766e-02
4.835699999999999721e-02
5.294700000000000101e-02
5.945000000000000284e-02
6.512099999999999833e-02
6.901400000000000590e-02
7.127200000000000202e-02
7.189900000000000457e-02
7.161700000000000010e-02
6.943699999999999872e-02
6.526600000000000457e-02
6.167500000000000066e-02
5.768199999999999716e-02
5.261500000000000205e-02
4.484199999999999992e-02
3.472900000000000292e-02
2.340300000000000019e-02
1.536500000000000019e-02
1.384200000000000014e-02
1.476700000000000061e-02
1.572799999999999893e-02
1.555699999999999965e-02
1.377600000000000005e-02
1.017599999999999928e-02
6.621000000000000149e-03
5.117000000000000021e-03
7.455999999999999954e-03
1.108699999999999963e-02
1.638500000000000026e-02
2.346499999999999975e-02
3.061200000000000032e-02
3.634099999999999830e-02
3.873700000000000060e-02
3.801600000000000118e-02
3.435699999999999865e-02
2.520000000000000018e-02
1.331399999999999945e-02
3.278000000000000098e-03
-3.341999999999999919e-03
-6.014000000000000248e-03
-9.213999999999999968e-03
-1.384200000000000014e-02
-2.044199999999999837e-02
-2.685600000000000140e-02
-2.882300000000000140e-02
-2.743200000000000152e-02
-2.287399999999999850e-02
-1.339199999999999939e-02
1.335999999999999948e-03
1.868399999999999922e-02
3.302200000000000274e-02
4.319800000000000029e-02
4.844899999999999901e-02
5.090700000000000086e-02
5.236799999999999788e-02
5.051699999999999940e-02
4.639100000000000168e-02
4.089799999999999686e-02
3.257299999999999779e-02
2.154800000000000118e-02
1.372199999999999982e-02
8.736999999999999975e-03
3.526000000000000054e-03
-3.899999999999999929e-05
-1.371999999999999956e-03
-1.691999999999999928e-03
-2.979999999999999793e-04
5.839999999999999922e-04
1.820000000000000057e-04
-2.243000000000000202e-03
-5.239999999999999866e-03
-9.171000000000000332e-03
-1.425700000000000058e-02
-1.765800000000000008e-02
-1.878499999999999961e-02
-1.869900000000000034e-02
-1.858299999999999882e-02
-1.859900000000000095e-02
-1.952399999999999969e-02
-2.225800000000000001e-02
-2.628799999999999887e-02
-2.920599999999999932e-02
-3.191900000000000293e-02
-3.404000000000000081e-02
-3.635800000000000143e-02
-3.920799999999999980e-02
-4.212199999999999972e-02
-4.501700000000000146e-02
-4.706599999999999673e-02
-4.938000000000000028e-02
-5.451999999999999902e-02
-6.001499999999999890e-02
-6.286100000000000021e-02
-6.534800000000000331e-02
-6.335499999999999465e-02
-5.078300000000000175e-02
-3.323700000000000265e-02
-1.860799999999999954e-02
-8.656999999999999765e-03
-4.179000000000000423e-03
-5.158000000000000258e-03
-8.377000000000000765e-03
-1.092500000000000068e-02
-1.110700000000000055e-02
-8.732999999999999444e-03
-6.622000000000000282e-03
-6.845000000000000390e-03
-1.047099999999999941e-02
-1.781900000000000150e-02
-2.481300000000000172e-02
-3.012099999999999847e-02
-3.537900000000000073e-02
-3.964999999999999775e-02
-4.236899999999999694e-02
-4.442499999999999921e-02
-4.504400000000000071e-02
-4.478000000000000036e-02
-4.465899999999999731e-02
-4.471499999999999780e-02
-4.472700000000000287e-02
-4.466699999999999837e-02
-4.365499999999999936e-02
-4.097599999999999854e-02
-3.769399999999999834e-02
-3.386700000000000127e-02
-3.160600000000000215e-02
-3.056400000000000089e-02
-3.048100000000000115e-02
-3.176500000000000157e-02
-3.286200000000000232e-02
-3.278999999999999970e-02
-3.178099999999999675e-02
-2.812800000000000022e-02
-2.099799999999999930e-02
-1.212899999999999916e-02
-2.837999999999999811e-03
5.353000000000000119e-03
9.343999999999999875e-03
1.112100000000000068e-02
1.077099999999999932e-02
6.885999999999999760e-03
-7.169999999999999724e-04
-9.433000000000000412e-03
-1.667099999999999832e-02
-2.197199999999999848e-02
-2.560300000000000076e-02
-2.827299999999999952e-02
-2.953700000000000075e-02
-2.821299999999999850e-02
-2.499900000000000039e-02
-1.937900000000000039e-02
-1.162499999999999992e-02
-3.703000000000000128e-03
1.515000000000000071e-03
3.062000000000000052e-03
1.363000000000000062e-03
-3.225000000000000002e-03
-9.020999999999999505e-03
-1.334699999999999949e-02
-1.501700000000000083e-02
-1.699399999999999869e-02
-1.876900000000000096e-02
-2.050700000000000092e-02
-2.325999999999999943e-02
-2.619600000000000053e-02
-2.896800000000000069e-02
-3.172500000000000320e-02
-3.455400000000000138e-02
-3.700200000000000017e-02
-3.769399999999999834e-02
-3.658000000000000140e-02
-3.369199999999999973e-02
-2.776700000000000002e-02
-1.798800000000000052e-02
-8.271000000000000574e-03
-1.269999999999999970e-04
5.295000000000000227e-03
7.032000000000000056e-03
7.428999999999999840e-03
6.217999999999999569e-03
5.171000000000000249e-03
5.341000000000000261e-03
7.394999999999999664e-03
1.057100000000000053e-02
1.429300000000000015e-02
1.918999999999999873e-02
2.292900000000000146e-02
2.638700000000000073e-02
3.165899999999999964e-02
3.762200000000000266e-02
4.318799999999999722e-02
4.868000000000000105e-02
5.356600000000000250e-02
5.670300000000000340e-02
5.892399999999999721e-02
5.903200000000000114e-02
5.749100000000000044e-02
5.582299999999999762e-02
5.376800000000000329e-02
4.894899999999999946e-02
4.162799999999999834e-02
3.264199999999999741e-02
2.168499999999999941e-02
1.307700000000000008e-02
8.255999999999999450e-03
7.637999999999999824e-03
9.676000000000000573e-03
1.389699999999999963e-02
1.779700000000000032e-02
2.044400000000000037e-02
2.296099999999999877e-02
2.474099999999999910e-02
2.506600000000000147e-02
2.604800000000000171e-02
2.754699999999999857e-02
3.046199999999999949e-02
3.575400000000000106e-02
4.180600000000000288e-02
4.886800000000000171e-02
5.688200000000000200e-02
6.286500000000000421e-02
6.508500000000000396e-02
6.300799999999999457e-02
5.656699999999999923e-02
4.791999999999999732e-02
3.937000000000000222e-02
3.105700000000000127e-02
2.333400000000000057e-02
1.555300000000000085e-02
7.275000000000000216e-03
-6.899999999999999667e-05
-5.913999999999999986e-03
-8.722000000000000586e-03
-8.869000000000000147e-03
-8.649999999999999703e-03
-9.945999999999999980e-03
-1.296899999999999963e-02
-1.732799999999999965e-02
-2.039399999999999893e-02
-1.985100000000000059e-02
-1.689299999999999830e-02
-1.370500000000000017e-02
-1.003599999999999978e-02
-8.163000000000000117e-03
-8.425000000000000197e-03
-8.680000000000000215e-03
-8.564999999999999697e-03
-8.285000000000000697e-03
-6.584999999999999708e-03
-4.131000000000000123e-03
-3.432999999999999854e-03
-3.762999999999999852e-03
-3.652999999999999997e-03
-2.063000000000000164e-03
8.700000000000000051e-04
4.527999999999999907e-03
1.062500000000000076e-02
1.793300000000000102e-02
2.387099999999999986e-02
2.917499999999999954e-02
3.472800000000000192e-02
3.955800000000000288e-02
4.155500000000000166e-02
4.015799999999999925e-02
3.715799999999999659e-02
3.380600000000000271e-02
2.840600000000000069e-02
2.027400000000000035e-02
1.277799999999999943e-02
8.531000000000000388e-03
6.336999999999999751e-03
5.096999999999999968e-03
4.426000000000000247e-03
5.514999999999999937e-03
8.585999999999999882e-03
1.376600000000000046e-02
1.796199999999999880e-02
2.049799999999999886e-02
2.231999999999999956e-02
2.253600000000000048e-02
1.992299999999999974e-02
1.559900000000000002e-02
9.912999999999999937e-03
1.435999999999999993e-03
-5.754999999999999699e-03
-1.101199999999999922e-02
-1.634499999999999842e-02
-2.206800000000000081e-02
-2.724899999999999892e-02
-3.065100000000000116e-02
-3.299499999999999655e-02
-3.350299999999999806e-02
-3.184800000000000131e-02
-2.811100000000000057e-02
-2.353999999999999843e-02
-2.222000000000000017e-02
-2.288799999999999862e-02
-2.427899999999999850e-02
-2.701900000000000135e-02
-3.007599999999999857e-02
-3.282100000000000295e-02
-3.559099999999999764e-02
-3.841200000000000170e-02
-4.095499999999999835e-02
-4.129300000000000331e-02
-3.820799999999999891e-02
-3.500400000000000039e-02
-3.063000000000000098e-02
-2.701100000000000029e-02
-2.382599999999999996e-02
-1.838199999999999903e-02
-1.119299999999999982e-02
-2.625000000000000163e-03
3.976999999999999633e-03
9.150999999999999412e-03
1.434299999999999985e-02
1.767699999999999827e-02
1.726499999999999910e-02
1.436800000000000056e-02
1.136900000000000063e-02
8.951999999999999888e-03
7.959000000000000796e-03
8.087999999999999703e-03
8.203000000000000222e-03
8.035000000000000475e-03
6.660000000000000121e-03
3.844000000000000195e-03
4.200000000000000174e-04
-4.526999999999999774e-03
-1.038799999999999966e-02
-1.590000000000000094e-02
-2.001400000000000054e-02
-2.247700000000000045e-02
-2.366499999999999854e-02
-2.568199999999999997e-02
-2.758400000000000088e-02
-2.776199999999999848e-02
-2.746799999999999936e-02
-2.657100000000000087e-02
-2.367000000000000007e-02
-2.237499999999999906e-02
-2.278600000000000070e-02
-2.300599999999999867e-02
-2.253600000000000048e-02
-2.041199999999999959e-02
-1.670400000000000010e-02
-1.321199999999999979e-02
-1.021799999999999965e-02
-5.635000000000000252e-03
-2.814000000000000095e-03
-1.054999999999999948e-03
1.740000000000000010e-03
4.981000000000000184e-03
8.770999999999999283e-03
1.129400000000000022e-02
1.200000000000000025e-02
1.101599999999999975e-02
1.056700000000000000e-02
1.291899999999999993e-02
1.602400000000000005e-02
1.933999999999999955e-02
2.216299999999999867e-02
2.166699999999999876e-02
1.740699999999999886e-02
1.011300000000000046e-02
1.317000000000000028e-03
-7.342999999999999701e-03
-1.210400000000000018e-02
-1.234999999999999987e-02
-9.450999999999999332e-03
-4.840999999999999817e-03
7.820000000000000345e-04
5.802999999999999999e-03
8.222999999999999407e-03
8.193000000000000629e-03
7.707999999999999574e-03
6.452000000000000270e-03
5.472000000000000301e-03
6.212999999999999773e-03
8.888000000000000067e-03
1.294400000000000064e-02
1.598000000000000115e-02
1.953099999999999975e-02
2.459000000000000075e-02
2.814399999999999888e-02
2.938299999999999940e-02
2.797799999999999940e-02
2.467899999999999955e-02
1.981799999999999881e-02
1.272599999999999947e-02
4.178000000000000290e-03
-9.309999999999999699e-04
-1.549000000000000030e-03
2.149999999999999947e-04
2.269000000000000183e-03
5.083999999999999977e-03
8.056999999999999926e-03
1.178500000000000034e-02
1.503900000000000028e-02
1.771400000000000058e-02
1.907800000000000121e-02
1.693499999999999867e-02
1.098299999999999971e-02
-5.300000000000000078e-05
-1.202600000000000023e-02
-2.040700000000000153e-02
-2.821500000000000050e-02
-3.479499999999999954e-02
-3.870599999999999735e-02
-4.004699999999999926e-02
-4.126300000000000107e-02
-4.207799999999999735e-02
-4.116100000000000314e-02
-3.839700000000000057e-02
-3.425700000000000273e-02
-3.026399999999999924e-02
-2.734899999999999831e-02
-2.474300000000000110e-02
-2.290700000000000028e-02
-2.143099999999999866e-02
-1.905899999999999955e-02
-1.784799999999999928e-02
-1.748200000000000101e-02
-1.532099999999999955e-02
-9.983999999999999819e-03
-1.474999999999999966e-03
8.926999999999999172e-03
1.918200000000000113e-02
2.545599999999999946e-02
2.715800000000000158e-02
2.676900000000000113e-02
2.493799999999999836e-02
2.067099999999999840e-02
1.736299999999999996e-02
1.539100000000000017e-02
1.043499999999999983e-02
3.324999999999999831e-03
-3.338999999999999954e-03
-9.046000000000000221e-03
-1.385400000000000000e-02
-1.619900000000000159e-02
-1.717499999999999930e-02
-1.794899999999999968e-02
-1.651800000000000143e-02
-1.340099999999999972e-02
-1.047499999999999994e-02
-8.675999999999999684e-03
-6.307000000000000106e-03
-3.386000000000000121e-03
3.000000000000000076e-05
3.442000000000000181e-03
4.525000000000000376e-03
2.151000000000000134e-03
-1.157000000000000042e-03
-3.576000000000000185e-03
-4.308000000000000197e-03
-3.478999999999999888e-03
-1.154999999999999994e-03
7.940000000000000009e-04
2.334000000000000137e-03
4.527999999999999907e-03
5.471000000000000169e-03
5.237999999999999601e-03
5.120000000000000419e-03
5.199999999999999761e-03
5.215000000000000017e-03
5.193999999999999832e-03
5.170000000000000116e-03
5.120000000000000419e-03
5.185999999999999638e-03
5.295000000000000227e-03
4.909000000000000169e-03
2.913999999999999924e-03
-8.000000000000000654e-05
-2.089000000000000145e-03
-3.416000000000000199e-03
-6.241000000000000020e-03
-1.115299999999999972e-02
-1.631200000000000011e-02
-1.963200000000000014e-02
-2.206999999999999934e-02
-2.351599999999999871e-02
-2.286099999999999938e-02
-1.883999999999999911e-02
-1.281000000000000021e-02
-5.377999999999999968e-03
2.944000000000000002e-03
9.096999999999999184e-03
1.421799999999999974e-02
1.975899999999999879e-02
2.540200000000000097e-02
3.001300000000000148e-02
3.272800000000000015e-02
3.366899999999999754e-02
3.356599999999999862e-02
3.347100000000000075e-02
3.352000000000000118e-02
3.353400000000000131e-02
3.352100000000000218e-02
3.385400000000000215e-02
3.529399999999999898e-02
3.610900000000000221e-02
3.589300000000000129e-02
3.575400000000000106e-02
3.582500000000000268e-02
3.584500000000000186e-02
3.579899999999999749e-02
3.495100000000000290e-02
3.244600000000000262e-02
2.928000000000000047e-02
2.484600000000000003e-02
1.961999999999999855e-02
1.609400000000000067e-02
1.451700000000000039e-02
1.432600000000000019e-02
1.492800000000000030e-02
1.760600000000000012e-02
2.064799999999999969e-02
2.566399999999999931e-02
2.940999999999999864e-02
3.081100000000000158e-02
3.139499999999999930e-02
3.128100000000000325e-02
3.036799999999999916e-02
2.867099999999999857e-02
2.784999999999999976e-02
2.644499999999999976e-02
2.298700000000000049e-02
1.818900000000000031e-02
1.444600000000000051e-02
1.066800000000000040e-02
5.061999999999999660e-03
-9.849999999999999815e-04
-6.706000000000000155e-03
-1.231699999999999982e-02
-1.718499999999999889e-02
-2.045900000000000149e-02
-2.398600000000000038e-02
-2.638400000000000120e-02
-2.644300000000000123e-02
-2.615999999999999923e-02
-2.632599999999999871e-02
-2.750299999999999967e-02
-2.988599999999999937e-02
-3.146000000000000185e-02
-3.322200000000000153e-02
-3.518600000000000200e-02
-3.640299999999999786e-02
-3.722500000000000114e-02
-3.685299999999999687e-02
-3.553900000000000114e-02
-3.494099999999999984e-02
-3.491500000000000159e-02
-3.478799999999999948e-02
-3.452500000000000013e-02
-3.356900000000000162e-02
-3.110500000000000070e-02
-2.901199999999999959e-02
-2.720900000000000055e-02
-2.407799999999999871e-02
-2.031799999999999926e-02
-1.915800000000000142e-02
-1.967400000000000052e-02
-2.186799999999999855e-02
-2.366700000000000054e-02
-2.330799999999999886e-02
-2.117099999999999885e-02
-1.727599999999999969e-02
-1.251999999999999988e-02
-5.088999999999999774e-03
1.948000000000000079e-03
6.219999999999999835e-03
9.324999999999999956e-03
1.194100000000000023e-02
1.424599999999999998e-02
1.569500000000000062e-02
1.545299999999999972e-02
1.561899999999999920e-02
1.753000000000000044e-02
1.864800000000000138e-02
1.682300000000000115e-02
1.418799999999999922e-02
1.336599999999999941e-02
1.356599999999999993e-02
1.509899999999999957e-02
1.687100000000000058e-02
1.674199999999999994e-02
1.606399999999999842e-02
1.566400000000000084e-02
1.357200000000000073e-02
8.862000000000000086e-03
4.106000000000000275e-03
1.116999999999999937e-03
-9.940000000000000918e-04
-3.122000000000000209e-03
-4.547999999999999959e-03
-5.705000000000000002e-03
-7.668999999999999602e-03
-9.870999999999999566e-03
-1.132000000000000020e-02
-1.138300000000000076e-02
-1.089200000000000064e-02
-9.783999999999999295e-03
-9.187000000000000721e-03
-1.016799999999999995e-02
-1.175600000000000082e-02
-1.347199999999999960e-02
-1.456799999999999935e-02
-1.578200000000000089e-02
-1.614399999999999863e-02
-1.564499999999999919e-02
-1.518199999999999932e-02
-1.485900000000000068e-02
-1.465499999999999962e-02
-1.540900000000000082e-02
-1.661999999999999936e-02
-1.664600000000000107e-02
-1.596399999999999902e-02
-1.520900000000000030e-02
-1.279100000000000029e-02
-8.401000000000000481e-03
-2.759999999999999867e-03
3.542000000000000010e-03
8.132999999999999605e-03
9.801000000000000684e-03
1.089799999999999970e-02
1.168699999999999947e-02
1.178900000000000087e-02
1.260900000000000042e-02
1.268700000000000036e-02
1.079800000000000031e-02
8.215999999999999345e-03
4.527999999999999907e-03
8.239999999999999712e-04
-2.092999999999999809e-03
-3.638000000000000175e-03
-4.335000000000000311e-03
-5.289000000000000298e-03
-5.569000000000000165e-03
-5.211999999999999619e-03
-4.941000000000000079e-03
-4.584000000000000401e-03
-3.033000000000000106e-03
-1.801999999999999999e-03
-1.129999999999999928e-03
1.820000000000000057e-04
7.150000000000000322e-04
5.789999999999999791e-04
2.310000000000000042e-04
-1.445000000000000104e-03
-3.582000000000000114e-03
-5.152999999999999595e-03
-7.280000000000000013e-03
-8.755000000000000629e-03
-9.294999999999999443e-03
-8.803000000000000061e-03
-7.023999999999999862e-03
-5.230000000000000274e-03
-2.965999999999999887e-03
-4.749999999999999990e-04
1.812000000000000026e-03
3.837999999999999832e-03
5.167999999999999851e-03
5.283000000000000369e-03
5.048999999999999669e-03
4.984999999999999848e-03
4.936000000000000283e-03
4.852000000000000410e-03
4.780000000000000394e-03
4.654000000000000151e-03
3.954000000000000049e-03
3.111000000000000050e-03
2.374999999999999941e-03
1.789000000000000009e-03
1.183999999999999940e-03
6.949999999999999798e-04
7.399999999999999894e-04
1.477000000000000014e-03
2.161999999999999859e-03
3.121000000000000076e-03
3.988000000000000225e-03
4.336999999999999710e-03
4.667000000000000141e-03
4.820999999999999765e-03
4.810000000000000039e-03
4.815999999999999968e-03
4.547999999999999959e-03
4.027000000000000197e-03
3.585000000000000079e-03
3.354999999999999909e-03
3.360999999999999838e-03
3.566999999999999858e-03
3.644000000000000104e-03
3.853000000000000088e-03
4.095999999999999815e-03
4.173999999999999759e-03
4.100999999999999611e-03
4.055999999999999710e-03
4.069999999999999833e-03
3.964999999999999775e-03
3.811000000000000151e-03
3.774000000000000011e-03
3.873999999999999840e-03
3.928000000000000068e-03
3.870000000000000176e-03
3.471999999999999826e-03
2.922999999999999817e-03
2.461000000000000080e-03
2.102999999999999835e-03
1.923000000000000013e-03
2.020000000000000094e-03
2.137000000000000011e-03
2.194999999999999903e-03
2.193000000000000071e-03
2.187000000000000142e-03
2.154999999999999798e-03
2.131000000000000082e-03
2.069000000000000093e-03
1.981000000000000122e-03
1.920999999999999965e-03
1.809999999999999977e-03
1.694999999999999892e-03
1.574000000000000095e-03
1.407999999999999963e-03
1.235999999999999903e-03
1.090000000000000040e-03
9.770000000000000039e-04
8.940000000000000464e-04
8.260000000000000198e-04
7.460000000000000268e-04
6.660000000000000338e-04
5.980000000000000072e-04
5.199999999999999544e-04
4.310000000000000137e-04
3.440000000000000132e-04
2.629999999999999959e-04
1.800000000000000113e-04
1.000000000000000048e-04
3.199999999999999855e-05
-3.100000000000000135e-05
-9.299999999999999727e-05
-1.559999999999999972e-04
-2.239999999999999966e-04
-2.919999999999999961e-04
-3.570000000000000040e-04
-4.200000000000000174e-04
-4.800000000000000122e-04
-5.379999999999999583e-04
-5.950000000000000427e-04
-6.489999999999999459e-04
-6.999999999999999929e-04
-7.489999999999999913e-04
-7.960000000000000495e-04
-8.409999999999999507e-04
-8.850000000000000444e-04
-9.280000000000000054e-04
-9.700000000000000505e-04
-1.010999999999999963e-03
-1.051000000000000068e-03
-1.090999999999999956e-03
-1.129000000000000012e-03
-1.167000000000000069e-03
-1.203999999999999992e-03
-1.240999999999999916e-03
-1.276000000000000007e-03
-1.311000000000000099e-03
-1.345000000000000058e-03
