2.999999999999999737e-04
2.970000000000000092e-04
2.950000000000000148e-04
2.930000000000000204e-04
2.939999999999999905e-04
2.939999999999999905e-04
2.999999999999999737e-04
3.150000000000000131e-04
3.240000000000000150e-04
3.280000000000000038e-04
3.249999999999999851e-04
3.020000000000000223e-04
2.950000000000000148e-04
3.359999999999999814e-04
3.820000000000000153e-04
3.910000000000000172e-04
3.429999999999999889e-04
2.680000000000000090e-04
3.330000000000000169e-04
3.190000000000000019e-04
2.480000000000000108e-04
2.329999999999999986e-04
3.049999999999999868e-04
3.449999999999999833e-04
3.319999999999999926e-04
3.299999999999999982e-04
3.400000000000000244e-04
3.460000000000000076e-04
3.409999999999999945e-04
2.269999999999999882e-04
6.799999999999999946e-05
8.700000000000000051e-05
3.040000000000000167e-04
4.159999999999999744e-04
3.910000000000000172e-04
3.820000000000000153e-04
3.559999999999999797e-04
2.900000000000000017e-05
-4.440000000000000045e-04
-2.799999999999999755e-04
3.800000000000000209e-04
5.450000000000000200e-04
2.750000000000000166e-04
-4.260000000000000006e-04
-8.360000000000000460e-04
-7.839999999999999747e-04
-7.249999999999999500e-04
-3.780000000000000265e-04
2.190000000000000106e-04
-8.799999999999999771e-05
-9.020000000000000240e-04
-1.054999999999999948e-03
-2.259999999999999910e-04
7.169999999999999724e-04
1.121000000000000035e-03
7.699999999999999597e-04
-1.369999999999999961e-04
-1.598999999999999944e-03
-2.353000000000000057e-03
-1.781999999999999947e-03
-8.819999999999999715e-04
8.999999999999999754e-04
2.677000000000000126e-03
1.915000000000000036e-03
-9.470000000000000336e-04
-3.863000000000000114e-03
-6.086000000000000264e-03
-6.772000000000000242e-03
-6.692000000000000032e-03
-6.700000000000000226e-03
-6.054999999999999619e-03
-4.564999999999999614e-03
-3.008999999999999956e-03
-1.083999999999999894e-03
5.779999999999999548e-04
-6.830000000000000134e-04
-4.301000000000000136e-03
-8.054000000000000395e-03
-1.075800000000000020e-02
-1.041100000000000012e-02
-6.537000000000000276e-03
-1.327999999999999970e-03
1.217999999999999899e-03
1.497000000000000067e-03
3.259000000000000178e-03
4.422999999999999848e-03
2.615000000000000137e-03
-2.331999999999999872e-03
-8.205000000000000487e-03
-1.243599999999999914e-02
-1.343800000000000029e-02
-1.307900000000000035e-02
-1.128299999999999963e-02
-4.386000000000000142e-03
5.533999999999999857e-03
1.034000000000000023e-02
6.637999999999999803e-03
-3.569999999999999823e-03
-1.329999999999999932e-02
-1.597200000000000009e-02
-1.421900000000000074e-02
-1.246300000000000012e-02
-1.106500000000000018e-02
-1.002600000000000019e-02
-8.916000000000000314e-03
-7.759000000000000272e-03
-6.741999999999999729e-03
-5.649999999999999641e-03
-7.127999999999999788e-03
-1.433000000000000072e-02
-1.977999999999999897e-02
-1.725900000000000004e-02
-8.949000000000000357e-03
-1.394000000000000057e-03
2.271000000000000015e-03
4.592999999999999861e-03
3.266999999999999939e-03
-3.005999999999999991e-03
-1.067500000000000046e-02
-1.592999999999999972e-02
-1.798200000000000146e-02
-1.659899999999999917e-02
-1.114200000000000086e-02
-5.735999999999999779e-03
-3.759999999999999887e-03
-5.100999999999999632e-03
-7.222000000000000121e-03
-5.866999999999999819e-03
9.330000000000000186e-04
7.976000000000000451e-03
7.079000000000000223e-03
-3.951999999999999784e-03
-1.763199999999999837e-02
-2.288199999999999956e-02
-1.405299999999999952e-02
2.383000000000000135e-03
1.213499999999999995e-02
5.529000000000000060e-03
-1.282699999999999986e-02
-2.960399999999999837e-02
-3.690100000000000324e-02
-3.482899999999999885e-02
-2.424000000000000113e-02
-1.336999999999999994e-02
-9.990999999999999881e-03
-1.253100000000000047e-02
-1.375299999999999960e-02
-7.381000000000000408e-03
7.321000000000000250e-03
1.966599999999999945e-02
2.258399999999999991e-02
1.943699999999999942e-02
1.204399999999999915e-02
2.420999999999999975e-03
-1.858999999999999975e-03
5.226999999999999875e-03
1.398199999999999964e-02
1.331899999999999924e-02
6.080000000000000335e-04
-1.089399999999999917e-02
-7.656999999999999744e-03
4.728000000000000431e-03
1.296199999999999956e-02
6.688000000000000368e-03
-1.427600000000000049e-02
-3.228500000000000120e-02
-3.441799999999999721e-02
-2.253499999999999948e-02
-6.662999999999999652e-03
-5.249999999999999676e-04
-3.661000000000000192e-03
-3.884999999999999998e-03
6.727000000000000340e-03
2.628899999999999987e-02
3.636799999999999755e-02
2.857499999999999971e-02
6.544999999999999603e-03
-1.803000000000000089e-02
-2.594000000000000125e-02
-1.253600000000000027e-02
7.041000000000000383e-03
1.371499999999999976e-02
3.931999999999999731e-03
-1.071000000000000077e-02
-1.355199999999999981e-02
-4.675999999999999601e-03
3.697000000000000199e-03
5.616999999999999597e-03
-1.990000000000000124e-04
-1.215100000000000034e-02
-2.419800000000000076e-02
-3.155700000000000172e-02
-2.912000000000000005e-02
-1.736199999999999896e-02
-7.212999999999999794e-03
-2.243999999999999901e-03
6.185999999999999659e-03
1.928600000000000106e-02
2.574500000000000052e-02
2.429999999999999868e-02
2.221599999999999964e-02
1.945099999999999954e-02
1.248299999999999930e-02
1.472000000000000001e-03
-7.228000000000000050e-03
-7.564999999999999676e-03
-6.499999999999999431e-05
9.379000000000000184e-03
1.667899999999999938e-02
2.004600000000000132e-02
1.286499999999999970e-02
-6.787999999999999763e-03
-1.989900000000000002e-02
-1.447200000000000049e-02
5.507999999999999875e-03
2.397200000000000025e-02
3.015899999999999831e-02
2.881500000000000034e-02
2.357700000000000073e-02
1.550600000000000069e-02
1.024500000000000063e-02
7.828999999999999154e-03
3.870999999999999875e-03
-1.413999999999999892e-03
-3.338999999999999954e-03
1.451999999999999949e-03
8.694000000000000339e-03
9.945999999999999980e-03
9.719999999999999907e-04
-1.399199999999999923e-02
-2.308100000000000082e-02
-2.084199999999999942e-02
-1.106900000000000071e-02
2.383999999999999835e-03
1.394399999999999980e-02
1.715799999999999964e-02
1.204599999999999942e-02
4.949000000000000274e-03
-7.389999999999999651e-04
-5.375999999999999703e-03
-7.854999999999999136e-03
-7.147999999999999840e-03
-7.915000000000000160e-03
-1.284800000000000005e-02
-2.133099999999999927e-02
-2.965200000000000127e-02
-3.780100000000000127e-02
-4.707000000000000073e-02
-5.197700000000000237e-02
-4.373900000000000010e-02
-2.261399999999999869e-02
-2.629999999999999959e-03
7.760000000000000404e-03
1.020500000000000053e-02
6.790000000000000029e-03
3.729000000000000110e-03
9.990000000000000616e-03
2.357400000000000120e-02
3.230299999999999838e-02
2.645199999999999982e-02
1.281700000000000027e-02
5.747000000000000372e-03
1.541999999999999968e-02
3.567300000000000332e-02
5.044200000000000073e-02
5.616999999999999771e-02
5.755799999999999805e-02
5.389000000000000040e-02
4.303599999999999787e-02
3.277800000000000158e-02
3.342699999999999838e-02
4.261100000000000304e-02
4.857299999999999812e-02
4.149699999999999916e-02
2.447500000000000023e-02
1.274699999999999965e-02
1.484399999999999956e-02
2.634399999999999936e-02
4.295500000000000013e-02
5.522099999999999925e-02
5.633300000000000113e-02
4.779200000000000115e-02
3.613999999999999851e-02
2.733899999999999872e-02
2.096200000000000147e-02
1.599099999999999827e-02
1.394300000000000053e-02
1.596900000000000056e-02
2.017899999999999902e-02
2.394200000000000148e-02
2.653600000000000056e-02
2.690000000000000030e-02
2.714799999999999852e-02
3.054199999999999970e-02
3.667900000000000327e-02
4.572999999999999982e-02
6.085600000000000037e-02
8.176500000000000434e-02
1.053859999999999936e-01
1.260419999999999874e-01
1.417839999999999934e-01
1.522249999999999992e-01
1.577389999999999903e-01
1.571839999999999904e-01
1.501020000000000132e-01
1.400869999999999893e-01
1.305489999999999984e-01
1.183290000000000036e-01
9.987400000000000444e-02
8.109700000000000242e-02
7.225199999999999678e-02
7.392899999999999472e-02
7.893799999999999428e-02
7.817599999999999549e-02
6.584900000000000475e-02
3.990699999999999803e-02
1.143800000000000025e-02
-9.050000000000000752e-03
-2.735200000000000131e-02
-4.760899999999999854e-02
-6.454500000000000515e-02
-7.418500000000000094e-02
-7.172599999999999809e-02
-5.534499999999999836e-02
-3.275100000000000233e-02
-2.210399999999999865e-02
-3.119200000000000098e-02
-5.982200000000000017e-02
-1.040269999999999945e-01
-1.450649999999999995e-01
-1.688880000000000103e-01
-1.763039999999999885e-01
-1.761350000000000138e-01
-1.745510000000000117e-01
-1.668290000000000051e-01
-1.358090000000000130e-01
-7.929400000000000337e-02
-2.901600000000000013e-02
-1.279300000000000055e-02
-2.414900000000000033e-02
-5.013499999999999901e-02
-7.517200000000000271e-02
-8.302600000000000258e-02
-7.181999999999999496e-02
-4.986000000000000154e-02
-2.139800000000000035e-02
2.700999999999999929e-02
9.724399999999999711e-02
1.364559999999999940e-01
1.370450000000000002e-01
1.301329999999999987e-01
1.252290000000000070e-01
1.120209999999999956e-01
8.154200000000000337e-02
3.084699999999999942e-02
-2.787600000000000147e-02
-8.156399999999999761e-02
-1.222769999999999968e-01
-1.444310000000000038e-01
-1.552129999999999899e-01
-1.656080000000000052e-01
-1.739980000000000138e-01
-1.730200000000000071e-01
-1.523629999999999984e-01
-1.035220000000000029e-01
-5.291799999999999976e-02
-3.074599999999999903e-02
-2.706599999999999978e-02
-2.457799999999999915e-02
-2.211300000000000071e-02
-2.278499999999999970e-02
-2.861199999999999855e-02
-4.724500000000000227e-02
-7.811600000000000488e-02
-9.993599999999999706e-02
-1.035139999999999949e-01
-9.710499999999999687e-02
-7.847200000000000009e-02
-3.910600000000000187e-02
7.754999999999999741e-03
4.415600000000000080e-02
7.381999999999999673e-02
1.032040000000000041e-01
1.267969999999999930e-01
1.392589999999999939e-01
1.365280000000000105e-01
1.127610000000000001e-01
6.106700000000000322e-02
-1.659800000000000164e-02
-1.036490000000000050e-01
-1.738220000000000043e-01
-2.047920000000000018e-01
-2.007329999999999948e-01
-1.650159999999999960e-01
-9.515200000000000047e-02
-2.293500000000000053e-02
4.235699999999999882e-02
1.064829999999999943e-01
1.487090000000000078e-01
1.704660000000000064e-01
1.797809999999999964e-01
1.723870000000000124e-01
1.581239999999999868e-01
1.352220000000000089e-01
9.379899999999999349e-02
4.953799999999999870e-02
2.490500000000000005e-02
1.925500000000000128e-02
1.731800000000000006e-02
1.335199999999999929e-02
8.767999999999999752e-03
1.655000000000000004e-03
-1.349799999999999958e-02
-4.219799999999999940e-02
-7.857000000000000095e-02
-1.023980000000000029e-01
-1.070369999999999933e-01
-8.859000000000000208e-02
-4.281499999999999889e-02
1.410999999999999928e-02
5.060900000000000121e-02
6.035499999999999893e-02
4.970999999999999724e-02
1.281900000000000053e-02
-4.504799999999999777e-02
-9.679000000000000103e-02
-1.356680000000000108e-01
-1.642599999999999894e-01
-1.764560000000000017e-01
-1.704509999999999914e-01
-1.439719999999999889e-01
-9.912200000000000177e-02
-5.743100000000000288e-02
-2.239400000000000071e-02
1.889499999999999860e-02
7.395100000000000284e-02
1.321950000000000069e-01
1.684509999999999896e-01
1.725339999999999929e-01
1.546410000000000007e-01
1.118429999999999980e-01
4.347800000000000276e-02
5.160999999999999789e-03
-9.920000000000000432e-04
5.280000000000000405e-04
6.250000000000000347e-03
1.728000000000000022e-02
2.427999999999999950e-02
2.019100000000000061e-02
1.457199999999999988e-02
1.688200000000000117e-02
2.391599999999999976e-02
3.279399999999999676e-02
4.739299999999999763e-02
6.440800000000000691e-02
7.297900000000000220e-02
7.274600000000000510e-02
7.112699999999999578e-02
6.754899999999999793e-02
5.802100000000000313e-02
3.974899999999999961e-02
7.695999999999999716e-03
-3.720299999999999996e-02
-8.184800000000000408e-02
-1.084969999999999962e-01
-1.087739999999999957e-01
-8.286300000000000610e-02
-1.868999999999999828e-02
6.099700000000000261e-02
1.042349999999999943e-01
1.083889999999999992e-01
9.269800000000000262e-02
5.641899999999999693e-02
3.948000000000000120e-03
-4.784000000000000058e-02
-8.128299999999999415e-02
-9.511400000000000410e-02
-1.078139999999999932e-01
-1.312319999999999875e-01
-1.552880000000000094e-01
-1.629510000000000125e-01
-1.547330000000000094e-01
-1.251639999999999975e-01
-7.125099999999999489e-02
-2.402500000000000122e-02
-7.943000000000000407e-03
-7.348999999999999630e-03
8.309999999999999679e-03
5.310600000000000043e-02
1.090099999999999958e-01
1.502809999999999979e-01
1.743220000000000047e-01
1.881309999999999927e-01
1.925989999999999924e-01
1.896269999999999900e-01
1.826160000000000005e-01
1.755400000000000016e-01
1.704299999999999982e-01
1.648799999999999988e-01
1.548509999999999887e-01
1.417670000000000041e-01
1.294269999999999865e-01
1.215119999999999950e-01
1.200070000000000026e-01
1.146999999999999964e-01
9.037699999999999900e-02
3.934599999999999903e-02
-3.092500000000000110e-02
-7.648299999999999543e-02
-8.778500000000000192e-02
-8.276500000000000523e-02
-7.071800000000000308e-02
-6.042299999999999754e-02
-6.351999999999999313e-02
-8.546199999999999630e-02
-1.181529999999999941e-01
-1.506139999999999979e-01
-1.748570000000000124e-01
-1.916210000000000135e-01
-1.979229999999999878e-01
-1.938940000000000108e-01
-1.837350000000000094e-01
-1.742579999999999962e-01
-1.711709999999999898e-01
-1.751880000000000104e-01
-1.876960000000000017e-01
-2.096030000000000115e-01
-2.331880000000000064e-01
-2.462820000000000009e-01
-2.488559999999999939e-01
-2.396290000000000087e-01
-1.867459999999999953e-01
-1.031429999999999986e-01
-2.591900000000000107e-02
3.124700000000000047e-02
5.963100000000000345e-02
6.654899999999999705e-02
6.379700000000000648e-02
5.877600000000000185e-02
5.609999999999999709e-02
6.189200000000000257e-02
8.156399999999999761e-02
1.079940000000000067e-01
1.276780000000000137e-01
1.306960000000000066e-01
1.135530000000000012e-01
8.737000000000000322e-02
7.216999999999999804e-02
7.778200000000000391e-02
9.769500000000000406e-02
1.258749999999999869e-01
1.512640000000000096e-01
1.586110000000000020e-01
1.427889999999999993e-01
1.062680000000000013e-01
6.300500000000000544e-02
3.045099999999999890e-02
4.021000000000000268e-03
-2.338200000000000001e-02
-4.957799999999999707e-02
-6.605300000000000060e-02
-7.937900000000000511e-02
-1.023260000000000003e-01
-1.261359999999999981e-01
-1.371169999999999889e-01
-1.381419999999999870e-01
-1.296460000000000112e-01
-1.097410000000000052e-01
-9.411700000000000621e-02
-9.481299999999999450e-02
-1.025630000000000014e-01
-1.013470000000000065e-01
-8.016099999999999615e-02
-5.012199999999999989e-02
-4.018399999999999750e-02
-5.519700000000000301e-02
-7.816900000000000237e-02
-9.110100000000000142e-02
-9.352599999999999802e-02
-9.087299999999999545e-02
-8.105099999999999805e-02
-5.636599999999999944e-02
-2.052800000000000111e-02
7.727000000000000361e-03
2.726200000000000151e-02
5.412899999999999656e-02
9.526099999999999846e-02
1.418570000000000109e-01
1.830650000000000055e-01
2.037390000000000034e-01
2.090990000000000071e-01
2.080569999999999919e-01
1.948219999999999952e-01
1.581200000000000105e-01
1.111729999999999940e-01
8.369400000000000450e-02
6.613900000000000334e-02
4.682000000000000051e-02
3.125399999999999706e-02
2.526700000000000126e-02
2.493599999999999983e-02
2.500300000000000092e-02
2.409199999999999883e-02
2.537299999999999972e-02
3.127599999999999825e-02
4.495999999999999996e-02
5.865499999999999881e-02
5.908399999999999763e-02
4.226099999999999995e-02
1.242000000000000048e-03
-4.306800000000000211e-02
-6.142100000000000337e-02
-7.039800000000000224e-02
-8.362200000000000188e-02
-9.417200000000000570e-02
-9.632599999999999496e-02
-9.057199999999999973e-02
-7.747400000000000120e-02
-6.167600000000000166e-02
-5.057400000000000090e-02
-4.620599999999999707e-02
-5.018800000000000344e-02
-6.969699999999999507e-02
-9.859199999999999908e-02
-1.169690000000000035e-01
-1.206519999999999954e-01
-1.155329999999999968e-01
-9.802500000000000102e-02
-4.075000000000000150e-02
3.976899999999999880e-02
8.447200000000000542e-02
9.553300000000000680e-02
1.033899999999999958e-01
1.076420000000000016e-01
9.802800000000000402e-02
6.312199999999999755e-02
5.509999999999999490e-04
-5.402200000000000057e-02
-9.007900000000000629e-02
-1.177430000000000004e-01
-1.400170000000000026e-01
-1.623259999999999981e-01
-1.822010000000000018e-01
-1.926539999999999919e-01
-1.952220000000000066e-01
-1.993880000000000097e-01
-1.972490000000000077e-01
-1.099519999999999942e-01
8.619200000000000472e-02
2.726469999999999727e-01
3.547080000000000233e-01
3.576210000000000222e-01
3.427529999999999744e-01
3.151280000000000192e-01
2.550520000000000009e-01
1.933080000000000076e-01
1.010049999999999976e-01
2.847699999999999884e-02
1.340500000000000025e-02
-9.289000000000000382e-03
-5.439900000000000291e-02
-6.742299999999999682e-02
-4.413500000000000062e-02
-9.296000000000000443e-03
1.926599999999999840e-02
4.336500000000000077e-02
7.435600000000000542e-02
1.093429999999999958e-01
1.441510000000000014e-01
1.821959999999999968e-01
2.139030000000000098e-01
2.277019999999999877e-01
2.019950000000000079e-01
1.294540000000000135e-01
5.294499999999999901e-02
-3.392000000000000050e-03
-4.601700000000000235e-02
-8.647799999999999931e-02
-1.168600000000000055e-01
-1.196239999999999942e-01
-1.053550000000000042e-01
-8.624400000000000122e-02
-6.356900000000000051e-02
-2.357499999999999873e-02
3.483499999999999791e-02
9.607799999999999674e-02
1.447970000000000090e-01
1.676249999999999962e-01
1.705270000000000119e-01
1.666499999999999926e-01
1.501699999999999979e-01
1.052820000000000006e-01
4.756900000000000017e-02
3.142999999999999960e-03
-1.841599999999999834e-02
-3.226199999999999901e-02
-5.025799999999999712e-02
-6.784400000000000153e-02
-7.701600000000000112e-02
-8.027600000000000013e-02
-8.412799999999999445e-02
-9.365800000000000514e-02
-1.152009999999999978e-01
-1.518309999999999937e-01
-1.935230000000000006e-01
-2.172340000000000104e-01
-2.032990000000000075e-01
-1.284500000000000086e-01
-1.571300000000000127e-02
9.256999999999999951e-02
1.562649999999999872e-01
1.679049999999999987e-01
1.566919999999999980e-01
1.248940000000000050e-01
9.094499999999999806e-02
8.068000000000000171e-02
8.460499999999999965e-02
8.408599999999999408e-02
7.335899999999999366e-02
4.846099999999999713e-02
1.637800000000000020e-02
-5.689999999999999529e-04
8.751000000000000098e-03
5.442400000000000015e-02
1.252659999999999885e-01
1.501609999999999889e-01
1.210100000000000064e-01
6.300300000000000344e-02
-1.528700000000000024e-02
-7.170300000000000284e-02
-8.025500000000000689e-02
-6.204799999999999899e-02
-4.457499999999999657e-02
-4.309000000000000330e-02
-6.252000000000000612e-02
-9.522300000000000209e-02
-1.302750000000000019e-01
-1.632049999999999890e-01
-1.878950000000000065e-01
-1.997490000000000099e-01
-2.033860000000000112e-01
-1.988429999999999920e-01
-1.759930000000000105e-01
-1.255610000000000059e-01
-7.172800000000000009e-02
-4.995299999999999740e-02
-5.415799999999999781e-02
-6.255399999999999849e-02
-6.368899999999999562e-02
-4.664900000000000296e-02
4.268000000000000092e-03
7.161599999999999910e-02
1.070109999999999950e-01
1.103559999999999958e-01
1.015780000000000016e-01
8.006299999999999528e-02
3.638399999999999967e-02
-2.873900000000000066e-02
-1.000749999999999973e-01
-1.499989999999999934e-01
-1.696989999999999887e-01
-1.655169999999999975e-01
-1.242960000000000037e-01
-1.342400000000000017e-02
9.313000000000000445e-02
1.341279999999999972e-01
1.411679999999999879e-01
1.402140000000000053e-01
1.259579999999999866e-01
9.287900000000000322e-02
5.427200000000000080e-02
2.236199999999999993e-02
-7.184000000000000281e-03
-3.227499999999999813e-02
-4.403599999999999876e-02
-4.492499999999999966e-02
-4.398599999999999732e-02
-4.419300000000000311e-02
-4.438799999999999690e-02
-4.430100000000000010e-02
-4.426800000000000179e-02
-4.499800000000000327e-02
-5.295699999999999713e-02
-7.592300000000000437e-02
-1.053000000000000047e-01
-1.245430000000000009e-01
-1.343709999999999904e-01
-1.384080000000000032e-01
-1.370719999999999994e-01
-1.315040000000000098e-01
-1.201789999999999942e-01
-9.640799999999999370e-02
-6.194600000000000106e-02
-2.335399999999999976e-02
1.315000000000000023e-02
3.929400000000000254e-02
4.936900000000000316e-02
4.241400000000000031e-02
1.396999999999999978e-02
-3.302399999999999780e-02
-6.992400000000000004e-02
-8.321199999999999430e-02
-8.530200000000000282e-02
-8.611199999999999410e-02
-8.644000000000000294e-02
-8.632900000000000296e-02
-8.706899999999999362e-02
-9.319099999999999606e-02
-1.115629999999999955e-01
-1.399110000000000076e-01
-1.623509999999999953e-01
-1.727779999999999871e-01
-1.789659999999999862e-01
-1.851069999999999938e-01
-1.870259999999999978e-01
-1.781089999999999895e-01
-1.439000000000000001e-01
-7.624100000000000321e-02
-8.802000000000000796e-03
2.232100000000000056e-02
1.932599999999999943e-02
6.809999999999999647e-04
-2.144899999999999932e-02
-3.050800000000000040e-02
-2.021200000000000080e-02
7.053000000000000241e-03
3.973200000000000343e-02
7.120500000000000440e-02
1.013089999999999963e-01
1.255199999999999927e-01
1.352929999999999966e-01
1.351650000000000074e-01
1.337770000000000070e-01
1.369630000000000014e-01
1.456109999999999904e-01
1.585630000000000095e-01
1.752920000000000034e-01
1.936970000000000081e-01
2.099159999999999915e-01
2.184359999999999913e-01
2.144639999999999880e-01
1.987780000000000102e-01
1.806619999999999893e-01
1.620830000000000048e-01
1.407819999999999905e-01
1.184489999999999987e-01
1.020329999999999987e-01
9.727800000000000336e-02
1.043919999999999987e-01
1.213899999999999979e-01
1.406100000000000128e-01
1.629720000000000057e-01
1.924450000000000049e-01
2.314509999999999901e-01
2.543369999999999798e-01
2.545830000000000037e-01
2.447000000000000008e-01
2.375859999999999916e-01
2.346709999999999907e-01
2.300059999999999882e-01
2.094900000000000095e-01
1.584619999999999918e-01
9.125600000000000378e-02
2.560399999999999829e-02
-3.084299999999999889e-02
-6.180200000000000277e-02
-7.082600000000000007e-02
-7.328400000000000192e-02
-7.626499999999999946e-02
-7.782000000000000028e-02
-7.932899999999999674e-02
-9.034599999999999576e-02
-1.249439999999999995e-01
-1.804900000000000115e-01
-2.380559999999999898e-01
-2.845269999999999744e-01
-3.008779999999999788e-01
-2.898850000000000038e-01
-2.493730000000000113e-01
-1.844850000000000101e-01
-1.170749999999999985e-01
-5.351999999999999813e-02
1.209799999999999938e-02
7.163700000000000623e-02
1.150889999999999969e-01
1.362700000000000022e-01
1.330560000000000076e-01
9.889799999999999980e-02
3.924899999999999917e-02
2.269000000000000183e-03
-7.480999999999999803e-03
-9.830000000000000196e-03
-1.131700000000000067e-02
-9.620000000000000079e-03
-4.367000000000000222e-03
4.516000000000000049e-03
1.468599999999999940e-02
2.009599999999999928e-02
1.749699999999999867e-02
1.197499999999999953e-02
8.515999999999999265e-03
9.152999999999999678e-03
1.386700000000000085e-02
2.325199999999999836e-02
3.488499999999999934e-02
4.779200000000000115e-02
5.863999999999999768e-02
6.564000000000000390e-02
7.135600000000000276e-02
7.900699999999999390e-02
9.386500000000000399e-02
1.265120000000000133e-01
1.737700000000000078e-01
2.050780000000000103e-01
2.101200000000000012e-01
2.065369999999999984e-01
2.050119999999999998e-01
2.026999999999999913e-01
1.948749999999999927e-01
1.738419999999999965e-01
1.247439999999999938e-01
4.740799999999999875e-02
-3.064400000000000110e-02
-7.909399999999999764e-02
-1.041289999999999993e-01
-1.310399999999999898e-01
-1.642280000000000129e-01
-1.934639999999999971e-01
-2.137219999999999953e-01
-2.235139999999999905e-01
-2.199820000000000109e-01
-1.979869999999999963e-01
-1.569109999999999949e-01
-1.170039999999999969e-01
-9.382799999999999474e-02
-7.726500000000000035e-02
-6.068199999999999983e-02
-5.149399999999999811e-02
-5.236999999999999988e-02
-5.954700000000000271e-02
-6.698900000000000687e-02
-7.107800000000000229e-02
-6.940499999999999448e-02
-5.808699999999999974e-02
-3.856400000000000106e-02
-2.376100000000000087e-02
-2.247000000000000039e-02
-3.221000000000000252e-02
-5.477699999999999930e-02
-8.763100000000000056e-02
-1.147579999999999989e-01
-1.263950000000000073e-01
-1.261539999999999884e-01
-1.163119999999999987e-01
-1.024520000000000014e-01
-9.468500000000000527e-02
-9.482100000000000251e-02
-1.009619999999999962e-01
-1.081059999999999938e-01
-1.089849999999999985e-01
-9.538099999999999357e-02
-5.416200000000000181e-02
4.984999999999999848e-03
6.057599999999999790e-02
1.040719999999999978e-01
1.322520000000000084e-01
1.610719999999999930e-01
2.190999999999999892e-01
2.705480000000000107e-01
2.977859999999999951e-01
3.136880000000000224e-01
3.128799999999999915e-01
2.906750000000000167e-01
2.399830000000000019e-01
1.891680000000000028e-01
1.498520000000000130e-01
1.191549999999999970e-01
9.899499999999999966e-02
8.099499999999999755e-02
5.093400000000000011e-02
2.827999999999999785e-03
-5.165299999999999753e-02
-1.037899999999999934e-01
-1.551109999999999989e-01
-2.039249999999999952e-01
-2.342859999999999943e-01
-2.411500000000000032e-01
-2.382420000000000093e-01
-2.339469999999999883e-01
-2.235240000000000005e-01
-1.920169999999999932e-01
-1.405000000000000138e-01
-1.072219999999999979e-01
-1.019859999999999933e-01
-1.086550000000000016e-01
-1.201020000000000004e-01
-1.322460000000000024e-01
-1.406260000000000010e-01
-1.447140000000000093e-01
-1.437849999999999961e-01
-1.378449999999999953e-01
-1.256919999999999982e-01
-1.046760000000000052e-01
-8.106700000000000017e-02
-6.403000000000000358e-02
-4.723299999999999721e-02
-2.087200000000000166e-02
9.256000000000000338e-03
3.356300000000000255e-02
4.778700000000000309e-02
5.375100000000000017e-02
5.395400000000000196e-02
4.877299999999999691e-02
3.850200000000000150e-02
2.787299999999999847e-02
2.164599999999999858e-02
2.134000000000000133e-02
2.450499999999999901e-02
2.764700000000000144e-02
2.780399999999999885e-02
2.480999999999999872e-02
1.970600000000000129e-02
1.260599999999999915e-02
4.813999999999999703e-03
-5.852999999999999696e-03
-2.537999999999999978e-02
-5.737400000000000139e-02
-9.400000000000000022e-02
-1.292560000000000098e-01
-1.577459999999999973e-01
-1.704170000000000129e-01
-1.681799999999999962e-01
-1.529330000000000134e-01
-1.135860000000000064e-01
-4.888399999999999690e-02
1.565100000000000172e-02
6.478699999999999737e-02
9.640100000000000058e-02
1.139079999999999954e-01
1.214510000000000034e-01
1.217229999999999979e-01
1.172990000000000005e-01
1.113839999999999969e-01
1.037399999999999989e-01
9.217300000000000493e-02
7.757699999999999319e-02
6.559600000000000153e-02
5.997500000000000053e-02
5.951499999999999846e-02
6.221399999999999847e-02
6.766999999999999404e-02
7.172000000000000597e-02
7.059999999999999609e-02
6.120899999999999952e-02
4.110699999999999771e-02
1.445100000000000030e-02
-4.513999999999999783e-03
-1.260099999999999935e-02
-1.707699999999999843e-02
-2.110799999999999829e-02
-2.596499999999999850e-02
-2.729699999999999835e-02
-2.069000000000000006e-02
-8.479000000000000425e-03
6.675000000000000377e-03
2.039799999999999947e-02
3.137800000000000311e-02
4.527899999999999980e-02
6.250400000000000400e-02
7.519800000000000095e-02
8.006900000000000128e-02
7.715199999999999836e-02
6.938400000000000123e-02
5.854000000000000176e-02
4.694600000000000162e-02
3.409899999999999737e-02
1.593500000000000125e-02
-6.958999999999999908e-03
-2.746900000000000036e-02
-4.142300000000000149e-02
-4.834900000000000309e-02
-4.952299999999999758e-02
-4.662600000000000078e-02
-4.011800000000000088e-02
-3.397900000000000226e-02
-3.232000000000000151e-02
-3.592399999999999760e-02
-4.539300000000000279e-02
-5.842599999999999877e-02
-6.958100000000000396e-02
-7.698699999999999988e-02
-8.071399999999999408e-02
-8.167299999999999560e-02
-7.641900000000000082e-02
-6.072899999999999826e-02
-3.352600000000000025e-02
-6.954000000000000112e-03
8.297999999999999821e-03
1.872800000000000159e-02
2.846500000000000072e-02
3.545999999999999847e-02
3.989000000000000185e-02
4.019299999999999956e-02
3.629700000000000287e-02
2.511700000000000044e-02
1.309999999999999967e-03
-3.241200000000000331e-02
-6.146399999999999780e-02
-7.525099999999999845e-02
-7.571700000000000652e-02
-6.385399999999999410e-02
-3.752799999999999886e-02
-4.937999999999999681e-03
1.182899999999999924e-02
1.571099999999999927e-02
2.015399999999999830e-02
3.026099999999999970e-02
4.556999999999999940e-02
5.905200000000000032e-02
6.601100000000000023e-02
6.809500000000000275e-02
6.669999999999999540e-02
6.325100000000000167e-02
5.847000000000000114e-02
5.341100000000000014e-02
4.873600000000000154e-02
4.619100000000000289e-02
4.764800000000000285e-02
5.392899999999999777e-02
6.469199999999999950e-02
7.521999999999999520e-02
8.268100000000000449e-02
8.569300000000000528e-02
8.431600000000000206e-02
7.760300000000000531e-02
6.254500000000000337e-02
3.879799999999999915e-02
1.472799999999999977e-02
-1.183000000000000024e-03
-1.076900000000000079e-02
-2.098900000000000071e-02
-3.253700000000000342e-02
-4.274900000000000228e-02
-4.686699999999999894e-02
-4.321099999999999941e-02
-3.275999999999999746e-02
-1.565000000000000072e-02
4.632999999999999965e-03
2.471999999999999892e-02
4.187899999999999956e-02
5.206100000000000311e-02
5.473399999999999793e-02
5.280300000000000271e-02
4.821099999999999691e-02
4.130799999999999750e-02
3.444400000000000239e-02
3.203799999999999704e-02
3.769299999999999734e-02
5.422899999999999943e-02
7.775400000000000367e-02
9.388399999999999523e-02
9.641199999999999770e-02
8.849799999999999334e-02
6.879799999999999804e-02
3.189299999999999774e-02
-1.553200000000000067e-02
-5.634100000000000219e-02
-8.135399999999999576e-02
-1.013890000000000069e-01
-1.230969999999999981e-01
-1.417829999999999924e-01
-1.502189999999999914e-01
-1.447100000000000053e-01
-1.232440000000000063e-01
-8.708200000000000662e-02
-4.497700000000000309e-02
-1.059500000000000025e-02
1.206800000000000060e-02
3.502000000000000252e-02
5.986699999999999661e-02
7.867599999999999594e-02
9.164100000000000024e-02
1.009179999999999938e-01
1.083240000000000036e-01
1.141899999999999998e-01
1.160159999999999941e-01
1.116520000000000012e-01
1.024449999999999944e-01
9.256599999999999551e-02
8.468000000000000527e-02
7.627799999999999858e-02
6.630999999999999395e-02
5.568300000000000333e-02
4.522799999999999737e-02
3.713299999999999934e-02
3.085999999999999854e-02
2.254899999999999960e-02
9.846999999999999850e-03
-9.811999999999999542e-03
-3.645999999999999935e-02
-6.180700000000000083e-02
-8.397799999999999709e-02
-1.003679999999999989e-01
-1.090020000000000017e-01
-1.107130000000000059e-01
-1.052150000000000030e-01
-8.849400000000000321e-02
-5.597799999999999998e-02
-1.644999999999999934e-02
6.457000000000000066e-03
1.179499999999999993e-02
1.278999999999999929e-02
1.328000000000000014e-02
1.365800000000000000e-02
1.598499999999999921e-02
2.072200000000000084e-02
2.578300000000000036e-02
2.796099999999999974e-02
2.342500000000000138e-02
1.064499999999999995e-02
-3.017000000000000150e-03
-1.031699999999999978e-02
-1.313899999999999964e-02
-1.434700000000000038e-02
-1.770299999999999999e-02
-3.057400000000000048e-02
-5.579300000000000231e-02
-8.909400000000000652e-02
-1.221620000000000067e-01
-1.505779999999999896e-01
-1.671400000000000108e-01
-1.706259999999999999e-01
-1.644740000000000091e-01
-1.495779999999999887e-01
-1.147880000000000011e-01
-6.589899999999999924e-02
-1.975299999999999973e-02
1.571399999999999880e-02
3.169500000000000095e-02
3.413900000000000268e-02
3.146299999999999791e-02
2.874099999999999919e-02
2.563199999999999854e-02
2.294600000000000112e-02
2.200799999999999979e-02
2.135599999999999998e-02
1.693199999999999913e-02
9.400000000000000369e-03
2.932000000000000144e-03
6.809999999999999647e-04
1.832999999999999994e-03
5.230000000000000274e-03
9.171000000000000332e-03
1.292300000000000046e-02
1.676800000000000165e-02
2.019500000000000114e-02
2.317299999999999915e-02
2.744399999999999964e-02
3.185899999999999843e-02
3.430799999999999822e-02
3.336399999999999783e-02
2.722000000000000114e-02
9.754999999999999782e-03
-1.851900000000000074e-02
-4.461199999999999888e-02
-6.179799999999999877e-02
-7.138899999999999413e-02
-7.584200000000000663e-02
-7.888299999999999479e-02
-7.957500000000000684e-02
-7.627399999999999458e-02
-6.690699999999999426e-02
-5.006900000000000239e-02
-2.657299999999999940e-02
-1.649999999999999991e-03
1.591400000000000106e-02
2.382300000000000043e-02
2.403399999999999981e-02
1.774099999999999983e-02
9.757999999999999313e-03
4.804000000000000110e-03
6.550000000000000266e-03
1.425700000000000058e-02
2.527300000000000033e-02
3.524800000000000155e-02
4.187799999999999856e-02
4.430400000000000310e-02
4.406399999999999900e-02
4.468199999999999950e-02
4.875000000000000167e-02
5.581099999999999950e-02
6.530400000000000094e-02
7.402000000000000246e-02
7.916800000000000226e-02
7.873099999999999543e-02
7.093900000000000206e-02
5.746400000000000119e-02
4.272299999999999709e-02
3.227100000000000107e-02
2.772499999999999964e-02
2.706100000000000172e-02
2.743599999999999858e-02
2.845299999999999913e-02
3.066899999999999835e-02
3.181200000000000000e-02
3.160600000000000215e-02
3.144999999999999879e-02
3.168699999999999989e-02
3.356699999999999962e-02
3.445899999999999658e-02
3.124100000000000141e-02
2.351800000000000071e-02
1.235699999999999993e-02
1.856000000000000011e-03
-6.513999999999999825e-03
-1.320400000000000046e-02
-1.635400000000000048e-02
-1.454699999999999917e-02
-1.050599999999999971e-02
-5.825000000000000316e-03
-2.654000000000000109e-03
-4.304999999999999799e-03
-1.264499999999999999e-02
-2.830299999999999830e-02
-4.845399999999999707e-02
-7.003900000000000403e-02
-8.678299999999999903e-02
-9.599399999999999600e-02
-9.949600000000000111e-02
-9.913900000000000490e-02
-9.375500000000000500e-02
-8.453600000000000003e-02
-7.317700000000000593e-02
-6.193400000000000294e-02
-5.020000000000000157e-02
-3.781799999999999745e-02
-2.661699999999999830e-02
-1.997600000000000070e-02
-2.031099999999999919e-02
-2.710200000000000109e-02
-3.716099999999999959e-02
-4.802800000000000125e-02
-5.897700000000000164e-02
-6.722000000000000197e-02
-6.978399999999999881e-02
-6.762400000000000355e-02
-5.924499999999999905e-02
-4.099400000000000266e-02
-1.420800000000000014e-02
1.002100000000000039e-02
2.465200000000000030e-02
3.352100000000000218e-02
3.687599999999999906e-02
3.554700000000000221e-02
3.289799999999999669e-02
3.184599999999999931e-02
3.247499999999999692e-02
3.503499999999999670e-02
3.985199999999999854e-02
4.692099999999999743e-02
5.539299999999999780e-02
6.255600000000000049e-02
6.598299999999999998e-02
6.489000000000000323e-02
5.847399999999999820e-02
4.558799999999999658e-02
3.092599999999999863e-02
2.170599999999999960e-02
1.739599999999999827e-02
1.412300000000000014e-02
8.758000000000000160e-03
2.177999999999999815e-03
-6.865999999999999708e-03
-1.921899999999999997e-02
-3.112699999999999842e-02
-3.876000000000000278e-02
-4.337499999999999689e-02
-4.512900000000000245e-02
-4.010199999999999876e-02
-2.821900000000000103e-02
-1.319200000000000060e-02
9.219999999999999680e-04
1.221500000000000016e-02
2.029299999999999854e-02
2.420200000000000129e-02
2.338600000000000054e-02
1.953900000000000081e-02
1.527799999999999991e-02
8.588999999999999413e-03
7.900000000000000121e-04
-7.597999999999999719e-03
-1.692799999999999860e-02
-2.569799999999999862e-02
-3.413599999999999968e-02
-4.160300000000000109e-02
-4.638500000000000262e-02
-4.445600000000000246e-02
-3.553200000000000108e-02
-2.201200000000000032e-02
-5.396999999999999888e-03
1.510300000000000011e-02
3.602799999999999753e-02
4.974100000000000049e-02
5.510500000000000120e-02
5.469399999999999956e-02
5.065100000000000158e-02
4.423799999999999955e-02
3.315799999999999997e-02
1.672099999999999975e-02
-7.669999999999999951e-04
-1.241699999999999922e-02
-1.832699999999999954e-02
-1.892299999999999885e-02
-1.261900000000000001e-02
-4.108999999999999805e-03
3.060999999999999919e-03
7.328000000000000312e-03
8.805999999999999592e-03
1.103699999999999994e-02
1.241399999999999969e-02
1.392700000000000014e-02
1.594900000000000137e-02
1.444600000000000051e-02
8.153000000000000524e-03
-3.121000000000000076e-03
-1.775600000000000095e-02
-3.250399999999999817e-02
-4.302700000000000274e-02
-4.801500000000000212e-02
-5.059500000000000108e-02
-5.041600000000000248e-02
-4.574600000000000194e-02
-3.654999999999999916e-02
-2.438999999999999849e-02
-8.562999999999999431e-03
1.178799999999999987e-02
3.234000000000000069e-02
4.954900000000000276e-02
6.302199999999999469e-02
7.256100000000000050e-02
7.951400000000000134e-02
8.375799999999999912e-02
8.679699999999999915e-02
8.804599999999999926e-02
8.744499999999999496e-02
8.530999999999999694e-02
8.171699999999999797e-02
7.589200000000000113e-02
7.073799999999999533e-02
6.746299999999999519e-02
6.535299999999999443e-02
6.288199999999999346e-02
6.019700000000000051e-02
5.656300000000000217e-02
5.016899999999999832e-02
3.685000000000000081e-02
1.652400000000000049e-02
-5.337999999999999863e-03
-2.599500000000000074e-02
-4.416099999999999887e-02
-5.871900000000000036e-02
-6.793699999999999739e-02
-7.224700000000000566e-02
-7.253400000000000125e-02
-7.031600000000000350e-02
-6.371400000000000674e-02
-4.856699999999999906e-02
-2.629899999999999946e-02
-4.375999999999999682e-03
1.372100000000000056e-02
2.730799999999999894e-02
3.575899999999999912e-02
4.070300000000000307e-02
4.533600000000000130e-02
5.035499999999999698e-02
5.537399999999999961e-02
5.958700000000000108e-02
6.028800000000000131e-02
5.847000000000000114e-02
5.765100000000000086e-02
5.580399999999999944e-02
5.316699999999999898e-02
4.908499999999999669e-02
4.137400000000000105e-02
3.026999999999999830e-02
1.565300000000000025e-02
3.999999999999999819e-06
-1.146800000000000076e-02
-1.730500000000000094e-02
-1.816399999999999959e-02
-1.761199999999999918e-02
-1.761700000000000071e-02
-1.773599999999999829e-02
-1.669500000000000151e-02
-1.188099999999999920e-02
-3.227999999999999967e-03
7.674000000000000266e-03
1.763100000000000084e-02
2.591699999999999907e-02
3.155299999999999772e-02
3.491099999999999759e-02
3.838300000000000045e-02
4.226800000000000002e-02
4.526700000000000168e-02
4.490999999999999853e-02
4.118000000000000133e-02
3.536999999999999866e-02
2.697400000000000145e-02
1.722299999999999873e-02
7.654000000000000213e-03
-9.309999999999999699e-04
-1.011899999999999952e-02
-1.906800000000000161e-02
-2.533900000000000041e-02
-2.998899999999999830e-02
-3.483499999999999791e-02
-3.976400000000000073e-02
-4.306100000000000205e-02
-4.445299999999999946e-02
-4.630900000000000294e-02
-4.734300000000000314e-02
-4.712999999999999828e-02
-4.543500000000000316e-02
-4.197399999999999742e-02
-3.881699999999999734e-02
-3.566099999999999826e-02
-3.320300000000000334e-02
-3.082400000000000070e-02
-3.004199999999999926e-02
-3.038199999999999928e-02
-3.094200000000000075e-02
-3.404299999999999687e-02
-3.931199999999999972e-02
-4.466300000000000131e-02
-4.951599999999999752e-02
-5.418200000000000099e-02
-5.766299999999999898e-02
-6.046499999999999792e-02
-6.343300000000000327e-02
-6.421399999999999331e-02
-6.257100000000000162e-02
-5.819099999999999967e-02
-4.936499999999999916e-02
-3.662300000000000277e-02
-2.261099999999999915e-02
-1.099299999999999930e-02
-3.922000000000000139e-03
-3.003000000000000027e-03
-8.186999999999999833e-03
-2.034700000000000050e-02
-4.089999999999999886e-02
-6.102899999999999991e-02
-6.941100000000000048e-02
-6.966899999999999482e-02
-6.682499999999999551e-02
-6.020099999999999757e-02
-5.117200000000000221e-02
-4.030000000000000249e-02
-2.892300000000000079e-02
-1.775699999999999848e-02
-7.901999999999999302e-03
-9.840000000000000656e-04
4.492000000000000333e-03
7.780999999999999722e-03
7.086000000000000285e-03
3.537999999999999912e-03
3.480000000000000020e-04
-8.310000000000000329e-04
5.590000000000000351e-04
4.969000000000000326e-03
1.144099999999999978e-02
1.711400000000000074e-02
2.016400000000000137e-02
2.034499999999999850e-02
1.876900000000000096e-02
1.598099999999999868e-02
1.164699999999999937e-02
7.898999999999999772e-03
8.975999999999999604e-03
1.323000000000000044e-02
1.747699999999999948e-02
2.215999999999999914e-02
2.660300000000000165e-02
2.877800000000000150e-02
2.876300000000000037e-02
2.851599999999999968e-02
2.829500000000000071e-02
2.664300000000000002e-02
2.268399999999999930e-02
1.399800000000000003e-02
-1.789999999999999925e-03
-2.376599999999999893e-02
-4.269799999999999984e-02
-5.525800000000000156e-02
-6.603900000000000048e-02
-7.539800000000000668e-02
-8.051200000000000023e-02
-8.109600000000000142e-02
-7.902700000000000002e-02
-7.520999999999999908e-02
-6.783999999999999753e-02
-5.654300000000000298e-02
-4.018599999999999950e-02
-1.919500000000000026e-02
-1.464999999999999939e-03
7.263000000000000358e-03
1.045600000000000002e-02
1.048499999999999953e-02
7.742999999999999883e-03
3.340000000000000087e-03
-1.634000000000000036e-03
-5.275000000000000175e-03
-7.441999999999999831e-03
-8.982000000000000400e-03
-6.648000000000000263e-03
-2.008999999999999935e-03
4.413000000000000256e-03
1.198100000000000033e-02
1.856700000000000017e-02
2.498300000000000173e-02
3.382199999999999790e-02
4.317700000000000010e-02
4.977999999999999786e-02
5.528399999999999981e-02
5.823300000000000004e-02
5.816400000000000042e-02
5.742599999999999788e-02
5.630399999999999988e-02
5.572599999999999776e-02
5.492899999999999866e-02
5.374400000000000011e-02
5.296599999999999919e-02
4.977999999999999786e-02
4.373699999999999810e-02
3.518400000000000000e-02
2.342599999999999891e-02
1.178000000000000054e-02
5.185999999999999638e-03
3.181999999999999933e-03
3.674999999999999881e-03
5.862000000000000023e-03
8.403000000000000747e-03
9.615999999999999548e-03
9.166999999999999801e-03
7.659000000000000009e-03
6.395999999999999776e-03
5.413000000000000277e-03
6.105000000000000183e-03
7.538000000000000429e-03
9.256999999999999604e-03
1.117899999999999970e-02
1.100300000000000063e-02
8.420000000000000401e-03
4.644999999999999823e-03
1.134999999999999941e-03
-2.563000000000000174e-03
-9.442000000000000740e-03
-1.495499999999999954e-02
-1.711299999999999974e-02
-1.657399999999999846e-02
-1.373300000000000042e-02
-8.776000000000000814e-03
-2.441000000000000027e-03
2.086000000000000180e-03
3.314999999999999804e-03
2.567999999999999970e-03
-7.709999999999999840e-04
-4.931999999999999752e-03
-5.856000000000000094e-03
-2.383000000000000135e-03
4.891999999999999647e-03
1.281799999999999953e-02
2.014200000000000018e-02
2.630000000000000046e-02
3.025100000000000011e-02
3.341199999999999726e-02
3.479899999999999660e-02
3.428500000000000297e-02
3.132299999999999668e-02
2.403699999999999934e-02
1.327599999999999961e-02
4.151000000000000176e-03
-6.279999999999999775e-04
-2.991000000000000169e-03
-3.586000000000000212e-03
-4.204000000000000271e-03
-7.340000000000000170e-03
-1.140099999999999968e-02
-1.401900000000000021e-02
-1.572000000000000133e-02
-1.616300000000000028e-02
-1.497599999999999973e-02
-1.157200000000000069e-02
-7.841000000000000747e-03
-4.945999999999999876e-03
-1.891000000000000103e-03
-1.779999999999999898e-04
-3.609999999999999928e-04
-3.648999999999999900e-03
-7.487999999999999864e-03
-9.983000000000000554e-03
-1.219800000000000051e-02
-1.376299999999999919e-02
-1.296800000000000036e-02
-1.009999999999999960e-02
-5.720000000000000258e-03
-1.211000000000000054e-03
9.550000000000000112e-04
9.970000000000000563e-04
1.958000000000000105e-03
4.329000000000000382e-03
5.338999999999999996e-03
4.372000000000000018e-03
1.000000000000000021e-03
-8.054000000000000395e-03
-2.282899999999999860e-02
-3.656500000000000028e-02
-4.631199999999999900e-02
-5.308700000000000224e-02
-5.739899999999999863e-02
-6.066200000000000064e-02
-6.224199999999999872e-02
-5.845700000000000202e-02
-5.124700000000000089e-02
-4.299999999999999656e-02
-2.958399999999999919e-02
-1.299999999999999940e-02
1.510000000000000057e-03
1.214900000000000008e-02
1.911500000000000005e-02
2.306599999999999970e-02
2.547500000000000112e-02
2.812600000000000169e-02
3.243200000000000249e-02
3.825200000000000128e-02
4.423400000000000248e-02
4.880899999999999822e-02
5.240299999999999819e-02
5.558199999999999946e-02
5.856000000000000094e-02
6.232000000000000040e-02
6.533400000000000318e-02
6.724199999999999622e-02
6.627199999999999758e-02
6.122899999999999870e-02
5.255900000000000155e-02
4.147599999999999898e-02
3.249699999999999811e-02
2.802800000000000083e-02
2.632100000000000065e-02
2.528299999999999992e-02
2.341000000000000025e-02
2.272599999999999967e-02
2.423700000000000160e-02
2.758899999999999894e-02
3.273299999999999821e-02
3.800100000000000006e-02
4.075700000000000156e-02
3.826199999999999740e-02
3.048400000000000068e-02
1.720000000000000001e-02
1.598999999999999944e-03
-9.601999999999999424e-03
-1.660999999999999976e-02
-2.161400000000000127e-02
-2.577000000000000124e-02
-2.600099999999999981e-02
-2.150200000000000028e-02
-1.595699999999999896e-02
-1.116299999999999931e-02
-8.351000000000000784e-03
-8.972000000000000808e-03
-1.130699999999999934e-02
-1.552599999999999987e-02
-1.946300000000000113e-02
-2.058199999999999960e-02
-2.021299999999999833e-02
-2.015099999999999877e-02
-2.118599999999999997e-02
-2.446600000000000164e-02
-2.848600000000000090e-02
-3.190300000000000080e-02
-3.323299999999999865e-02
-3.297499999999999737e-02
-3.281900000000000095e-02
-3.291299999999999781e-02
-3.323799999999999671e-02
-3.495000000000000190e-02
-3.769299999999999734e-02
-4.037000000000000310e-02
-4.363399999999999918e-02
-4.608700000000000296e-02
-4.774099999999999872e-02
-4.965800000000000075e-02
-5.168099999999999777e-02
-5.387000000000000122e-02
-5.388400000000000134e-02
-5.023999999999999994e-02
-4.358399999999999774e-02
-3.837399999999999839e-02
-3.679199999999999832e-02
-3.589300000000000129e-02
-3.375899999999999734e-02
-3.269099999999999784e-02
-3.225599999999999995e-02
-3.020899999999999974e-02
-2.727399999999999963e-02
-2.342100000000000085e-02
-1.869600000000000081e-02
-1.589099999999999888e-02
-1.584199999999999844e-02
-1.642800000000000163e-02
-1.847999999999999990e-02
-2.107300000000000145e-02
-2.428699999999999956e-02
-2.821200000000000097e-02
-3.300999999999999768e-02
-3.925599999999999923e-02
-4.689200000000000312e-02
-5.423700000000000049e-02
-5.957799999999999901e-02
-6.252000000000000612e-02
-6.260000000000000286e-02
-6.060299999999999715e-02
-5.548100000000000254e-02
-4.563699999999999701e-02
-3.307299999999999823e-02
-2.044999999999999943e-02
-8.033000000000000210e-03
4.082999999999999824e-03
1.332799999999999957e-02
2.006000000000000144e-02
2.409400000000000083e-02
2.603899999999999965e-02
2.608699999999999908e-02
2.584699999999999845e-02
2.589500000000000135e-02
2.579299999999999995e-02
2.367500000000000160e-02
1.968699999999999964e-02
1.568100000000000049e-02
1.333600000000000063e-02
1.396599999999999925e-02
1.647300000000000153e-02
1.788100000000000106e-02
1.808799999999999991e-02
1.972499999999999948e-02
2.331599999999999992e-02
2.922100000000000045e-02
3.758399999999999935e-02
4.557100000000000040e-02
5.409900000000000125e-02
6.279800000000000659e-02
6.935800000000000298e-02
7.500199999999999922e-02
8.001199999999999979e-02
8.369000000000000050e-02
8.725700000000000123e-02
9.028500000000000414e-02
9.345499999999999641e-02
9.547300000000000231e-02
9.389300000000000423e-02
8.925600000000000200e-02
8.041199999999999737e-02
6.706399999999999861e-02
4.983599999999999836e-02
3.140300000000000036e-02
1.173899999999999944e-02
-7.421999999999999778e-03
-2.215699999999999961e-02
-2.858300000000000077e-02
-2.907500000000000015e-02
-2.747300000000000089e-02
-2.260600000000000109e-02
-1.655900000000000080e-02
-1.241399999999999969e-02
-8.817000000000000184e-03
-4.269000000000000225e-03
-8.819999999999999715e-04
5.419999999999999471e-04
-1.051000000000000068e-03
-5.841999999999999971e-03
-1.121600000000000028e-02
-1.539300000000000043e-02
-1.651999999999999996e-02
-1.456999999999999962e-02
-8.874999999999999209e-03
8.500000000000000611e-05
9.998999999999999208e-03
1.828899999999999970e-02
2.545599999999999946e-02
3.180899999999999700e-02
3.487799999999999928e-02
3.406300000000000300e-02
2.877499999999999850e-02
1.875800000000000037e-02
8.382000000000000561e-03
6.250000000000000130e-04
-8.347000000000000253e-03
-1.814999999999999947e-02
-2.498900000000000080e-02
-2.941399999999999917e-02
-3.264500000000000041e-02
-3.404999999999999694e-02
-3.348399999999999987e-02
-2.933200000000000043e-02
-2.151600000000000040e-02
-9.908999999999999406e-03
3.710000000000000190e-03
1.740799999999999986e-02
2.967499999999999999e-02
3.994999999999999940e-02
4.745900000000000118e-02
5.123400000000000176e-02
5.054499999999999965e-02
4.520199999999999912e-02
3.529499999999999998e-02
2.529800000000000104e-02
1.682700000000000168e-02
9.060999999999999610e-03
4.521999999999999978e-03
3.632999999999999945e-03
4.324999999999999852e-03
5.923999999999999579e-03
1.038200000000000060e-02
1.772900000000000170e-02
2.451100000000000154e-02
2.925399999999999875e-02
3.237299999999999900e-02
3.328899999999999915e-02
3.116199999999999873e-02
2.990400000000000003e-02
2.906200000000000103e-02
2.741899999999999893e-02
2.883900000000000005e-02
3.069699999999999859e-02
3.048400000000000068e-02
2.830500000000000030e-02
2.562000000000000041e-02
2.320099999999999940e-02
2.096800000000000053e-02
1.842699999999999894e-02
1.737400000000000055e-02
1.744300000000000017e-02
1.547899999999999970e-02
1.262800000000000034e-02
1.000200000000000047e-02
7.747999999999999679e-03
5.367000000000000243e-03
4.575000000000000074e-03
3.586999999999999911e-03
1.376000000000000053e-03
3.989999999999999949e-04
6.579999999999999478e-04
6.459999999999999814e-04
-1.294000000000000011e-03
-3.997999999999999818e-03
-6.523000000000000152e-03
-7.827000000000000624e-03
-7.773999999999999660e-03
-9.247000000000000011e-03
-1.211399999999999977e-02
-1.551400000000000001e-02
-2.190299999999999886e-02
-3.008500000000000063e-02
-3.794899999999999662e-02
-4.338899999999999701e-02
-4.569499999999999951e-02
-4.517899999999999694e-02
-4.241400000000000031e-02
-3.978600000000000192e-02
-3.601200000000000234e-02
-3.272599999999999815e-02
-3.241000000000000131e-02
-3.289799999999999669e-02
-3.369899999999999979e-02
-3.630400000000000293e-02
-3.753599999999999992e-02
-3.700400000000000217e-02
-3.420399999999999829e-02
-2.884300000000000058e-02
-2.230999999999999997e-02
-1.614000000000000157e-02
-1.013499999999999991e-02
-6.191999999999999588e-03
-5.506999999999999743e-03
-7.782999999999999988e-03
-1.235900000000000019e-02
-1.831299999999999942e-02
-2.539200000000000138e-02
-3.176600000000000257e-02
-3.613999999999999851e-02
-3.711500000000000216e-02
-3.422300000000000342e-02
-2.844800000000000106e-02
-2.104599999999999874e-02
-1.357599999999999953e-02
-7.490000000000000130e-03
-2.720000000000000195e-03
2.118000000000000091e-03
7.147999999999999840e-03
1.223400000000000008e-02
1.833500000000000060e-02
2.465600000000000083e-02
3.093699999999999922e-02
3.628399999999999681e-02
4.005700000000000233e-02
4.235699999999999882e-02
4.254100000000000242e-02
3.978500000000000092e-02
3.828199999999999659e-02
3.849700000000000344e-02
3.674700000000000188e-02
3.392699999999999882e-02
3.013800000000000159e-02
2.341899999999999885e-02
1.550600000000000069e-02
8.106999999999999623e-03
1.949999999999999910e-03
-2.988000000000000204e-03
-6.890000000000000291e-03
-9.197999999999999579e-03
-1.163900000000000004e-02
-1.443099999999999938e-02
-1.897000000000000075e-02
-2.424600000000000019e-02
-2.925600000000000075e-02
-3.406700000000000006e-02
-3.745899999999999924e-02
-3.964899999999999675e-02
-4.184999999999999831e-02
-4.453700000000000020e-02
-4.700100000000000111e-02
-5.086600000000000149e-02
-5.426099999999999673e-02
-5.587099999999999705e-02
-5.759899999999999742e-02
-5.844699999999999895e-02
-5.764999999999999986e-02
-5.529099999999999987e-02
-5.166899999999999965e-02
-4.762000000000000260e-02
-4.182400000000000007e-02
-3.419300000000000117e-02
-2.580000000000000002e-02
-1.810700000000000157e-02
-1.323099999999999971e-02
-1.229500000000000037e-02
-1.606899999999999995e-02
-2.152000000000000093e-02
-2.639800000000000132e-02
-2.895299999999999957e-02
-2.894700000000000051e-02
-2.789200000000000013e-02
-2.430999999999999828e-02
-1.820499999999999896e-02
-1.080399999999999937e-02
-3.245000000000000055e-03
3.563999999999999894e-03
7.511000000000000315e-03
9.605999999999999955e-03
1.202800000000000050e-02
1.570300000000000168e-02
1.929700000000000165e-02
2.202499999999999944e-02
2.614400000000000057e-02
3.012000000000000094e-02
3.245900000000000174e-02
3.395800000000000207e-02
3.131500000000000256e-02
2.578799999999999842e-02
1.991499999999999868e-02
1.218999999999999945e-02
2.384999999999999967e-03
-6.300000000000000044e-03
-1.146199999999999997e-02
-1.347800000000000040e-02
-1.558499999999999990e-02
-1.656600000000000086e-02
-1.602900000000000158e-02
-1.356899999999999946e-02
-1.180999999999999932e-02
-1.190599999999999992e-02
-1.125600000000000038e-02
-8.906000000000000721e-03
-7.468999999999999945e-03
-7.596999999999999587e-03
-6.806000000000000417e-03
-2.141000000000000108e-03
4.636999999999999629e-03
1.090400000000000050e-02
1.618599999999999900e-02
1.873700000000000018e-02
2.086000000000000007e-02
2.194000000000000117e-02
2.176200000000000009e-02
2.160700000000000121e-02
2.167799999999999935e-02
2.170199999999999907e-02
2.168000000000000135e-02
2.163999999999999951e-02
2.143400000000000166e-02
2.007600000000000010e-02
1.716399999999999870e-02
1.267500000000000050e-02
6.740000000000000331e-03
-1.389000000000000044e-03
-1.004400000000000084e-02
-1.587500000000000022e-02
-1.837199999999999944e-02
-1.797199999999999839e-02
-1.401299999999999941e-02
-7.542000000000000093e-03
5.599999999999999916e-05
7.344999999999999966e-03
1.355600000000000034e-02
1.878300000000000108e-02
2.164999999999999911e-02
2.156800000000000037e-02
1.976299999999999932e-02
1.771199999999999858e-02
1.651599999999999943e-02
1.468200000000000061e-02
1.310799999999999986e-02
1.301599999999999979e-02
1.324700000000000009e-02
1.366599999999999933e-02
1.558499999999999990e-02
1.745000000000000023e-02
1.761000000000000065e-02
1.779400000000000079e-02
2.032300000000000079e-02
2.199500000000000066e-02
2.173100000000000032e-02
2.147500000000000103e-02
2.158699999999999855e-02
2.196199999999999888e-02
2.419599999999999876e-02
2.880699999999999927e-02
3.403599999999999681e-02
3.884200000000000153e-02
4.212799999999999878e-02
4.211899999999999672e-02
3.862299999999999761e-02
3.446300000000000058e-02
2.901300000000000059e-02
2.257999999999999938e-02
1.804199999999999901e-02
1.689900000000000083e-02
1.660100000000000117e-02
1.450500000000000053e-02
1.266699999999999944e-02
1.136999999999999990e-02
9.397000000000000838e-03
7.957000000000000531e-03
6.138000000000000227e-03
4.569000000000000145e-03
4.069999999999999833e-03
1.907000000000000058e-03
-6.000000000000000152e-06
-1.072999999999999952e-03
-3.320000000000000034e-03
-4.160999999999999768e-03
-3.810000000000000019e-03
-3.696000000000000067e-03
-2.749000000000000141e-03
6.269999999999999532e-04
4.760000000000000342e-03
9.523000000000000215e-03
1.432499999999999919e-02
1.795000000000000068e-02
2.091000000000000150e-02
2.174999999999999850e-02
2.135799999999999851e-02
2.122200000000000128e-02
2.067300000000000040e-02
1.715600000000000111e-02
1.237199999999999932e-02
8.639000000000000845e-03
5.160999999999999789e-03
1.600000000000000077e-03
-1.369999999999999961e-04
6.099999999999999872e-05
3.150000000000000131e-04
2.180000000000000080e-03
6.995000000000000349e-03
1.233500000000000048e-02
1.637999999999999873e-02
1.858299999999999882e-02
2.076799999999999827e-02
2.138800000000000076e-02
1.976299999999999932e-02
1.679699999999999943e-02
1.244499999999999947e-02
6.708000000000000421e-03
3.130000000000000187e-04
-5.598999999999999810e-03
-9.303999999999999770e-03
-1.245600000000000006e-02
-1.618599999999999900e-02
-1.876600000000000143e-02
-2.274500000000000133e-02
-2.771399999999999905e-02
-3.045700000000000143e-02
-3.259299999999999697e-02
-3.323399999999999965e-02
-3.087799999999999920e-02
-2.587700000000000070e-02
-1.870600000000000041e-02
-1.233800000000000001e-02
-8.699999999999999400e-03
-9.624999999999999875e-03
-1.450800000000000006e-02
-1.950599999999999903e-02
-2.188500000000000167e-02
-2.409599999999999936e-02
-2.493700000000000083e-02
-2.262399999999999828e-02
-1.865800000000000097e-02
-1.359299999999999918e-02
-7.047999999999999578e-03
5.140000000000000254e-04
6.623999999999999680e-03
8.722999999999999851e-03
8.382999999999999827e-03
8.186000000000000568e-03
8.319000000000000006e-03
8.293000000000000024e-03
6.767999999999999711e-03
2.452000000000000186e-03
-9.269999999999999811e-04
-3.158999999999999916e-03
-4.543000000000000163e-03
-4.529000000000000040e-03
-4.322999999999999586e-03
-4.590999999999999595e-03
-7.239999999999999908e-03
-1.236800000000000052e-02
-1.724499999999999991e-02
-2.012600000000000153e-02
-2.104100000000000067e-02
-1.901399999999999965e-02
-1.677700000000000025e-02
-1.674799999999999900e-02
-1.827300000000000105e-02
-2.087299999999999919e-02
-2.270000000000000143e-02
-2.420299999999999882e-02
-2.255400000000000113e-02
-1.895300000000000110e-02
-1.981899999999999981e-02
-1.995999999999999858e-02
-2.214999999999999955e-02
-2.430799999999999975e-02
-2.365400000000000141e-02
-2.015199999999999977e-02
-1.534100000000000047e-02
-8.441999999999999851e-03
2.339999999999999958e-04
8.403000000000000747e-03
1.405299999999999952e-02
1.741099999999999939e-02
1.783900000000000069e-02
1.544399999999999940e-02
1.266499999999999918e-02
9.280000000000000054e-03
4.309999999999999595e-03
-8.999999999999999754e-04
-5.788999999999999875e-03
-1.040100000000000052e-02
-1.439200000000000028e-02
-1.955399999999999847e-02
-2.513100000000000056e-02
-2.974999999999999867e-02
-3.245699999999999974e-02
-3.446599999999999664e-02
-3.588500000000000023e-02
-3.522299999999999737e-02
-3.286200000000000232e-02
-3.082100000000000117e-02
-2.992699999999999874e-02
-2.782600000000000004e-02
-2.636300000000000102e-02
-2.527499999999999886e-02
-2.383400000000000102e-02
-2.174999999999999850e-02
-1.844099999999999906e-02
-1.451400000000000086e-02
-1.076599999999999953e-02
-7.470000000000000077e-03
-5.343999999999999792e-03
-4.232999999999999784e-03
-3.076999999999999874e-03
-2.742000000000000080e-03
-3.827000000000000107e-03
-4.981000000000000184e-03
-5.922000000000000181e-03
-6.172999999999999668e-03
-5.889000000000000137e-03
-5.497000000000000150e-03
-4.296999999999999605e-03
-3.312999999999999973e-03
-3.177000000000000136e-03
-2.335999999999999969e-03
8.260000000000000198e-04
4.316999999999999657e-03
6.233999999999999958e-03
6.545999999999999736e-03
5.703999999999999869e-03
3.713000000000000154e-03
6.620000000000000450e-04
-2.268000000000000051e-03
-3.872000000000000008e-03
-3.420999999999999996e-03
-1.956999999999999972e-03
-1.368000000000000075e-03
-2.930000000000000204e-04
1.971000000000000096e-03
4.250000000000000305e-03
5.714000000000000329e-03
6.706000000000000155e-03
8.359999999999999376e-03
9.587999999999999301e-03
1.047499999999999994e-02
1.029599999999999960e-02
8.385000000000000092e-03
5.557999999999999573e-03
2.841000000000000209e-03
9.219999999999999680e-04
-7.140000000000000079e-04
-1.879999999999999944e-03
-1.807999999999999928e-03
-6.700000000000000226e-04
2.959999999999999849e-04
4.310000000000000137e-04
-3.669999999999999760e-04
-2.027999999999999855e-03
-2.288000000000000103e-03
-1.036000000000000029e-03
3.910000000000000172e-04
2.664999999999999834e-03
4.965999999999999928e-03
6.654000000000000192e-03
7.490000000000000130e-03
6.474999999999999853e-03
3.811999999999999850e-03
1.314000000000000064e-03
-3.510000000000000208e-04
-4.090000000000000211e-04
9.009999999999999997e-04
3.663000000000000023e-03
6.753000000000000322e-03
8.711999999999999258e-03
1.056700000000000000e-02
1.279199999999999955e-02
1.435200000000000017e-02
1.568200000000000149e-02
1.759099999999999900e-02
1.919300000000000173e-02
1.966400000000000092e-02
1.923000000000000057e-02
1.871600000000000000e-02
1.813800000000000134e-02
1.612799999999999997e-02
1.197200000000000000e-02
7.806999999999999704e-03
4.518000000000000314e-03
2.331999999999999872e-03
1.093999999999999920e-03
-3.460000000000000076e-04
-2.534999999999999927e-03
-4.389999999999999805e-03
-5.121999999999999817e-03
-4.327000000000000117e-03
-2.347000000000000128e-03
6.719999999999999628e-04
4.055999999999999710e-03
5.865000000000000421e-03
7.729999999999999892e-03
9.828999999999999196e-03
1.138800000000000055e-02
1.234000000000000027e-02
1.263599999999999966e-02
1.224899999999999947e-02
1.126599999999999997e-02
9.870000000000000301e-03
8.521000000000000796e-03
7.359000000000000090e-03
6.616000000000000353e-03
6.366000000000000131e-03
5.847999999999999900e-03
5.342000000000000394e-03
5.248000000000000061e-03
5.727000000000000320e-03
7.048999999999999710e-03
7.919999999999999957e-03
8.434000000000000524e-03
8.940999999999999295e-03
8.588000000000000148e-03
7.174999999999999954e-03
5.061999999999999660e-03
2.895000000000000004e-03
2.004000000000000139e-03
2.242000000000000069e-03
2.795999999999999874e-03
3.341999999999999919e-03
3.837000000000000133e-03
4.206999999999999802e-03
4.211999999999999598e-03
3.962000000000000244e-03
3.732000000000000074e-03
3.559000000000000098e-03
3.601000000000000034e-03
3.873000000000000140e-03
4.117000000000000000e-03
4.265999999999999827e-03
4.361000000000000293e-03
4.256000000000000234e-03
3.582999999999999814e-03
2.599000000000000182e-03
1.449999999999999900e-03
3.620000000000000171e-04
-2.000000000000000096e-04
-4.850000000000000253e-04
-6.530000000000000431e-04
-6.579999999999999478e-04
-6.329999999999999906e-04
-5.609999999999999752e-04
-2.480000000000000108e-04
2.120000000000000031e-04
4.859999999999999954e-04
5.670000000000000127e-04
5.800000000000000034e-04
4.690000000000000158e-04
2.999999999999999737e-04
1.510000000000000112e-04
1.699999999999999987e-05
-8.600000000000000331e-05
-1.050000000000000044e-04
-1.959999999999999937e-04
-5.169999999999999899e-04
-9.290000000000000297e-04
-1.360000000000000098e-03
-1.662000000000000066e-03
-1.799999999999999951e-03
-1.763999999999999943e-03
-1.570999999999999914e-03
-1.363000000000000062e-03
-1.208000000000000089e-03
-1.093000000000000005e-03
-1.030000000000000100e-03
-1.054000000000000032e-03
-1.134999999999999941e-03
-1.258999999999999920e-03
-1.389000000000000044e-03
-1.518999999999999951e-03
-1.598999999999999944e-03
-1.636000000000000084e-03
-1.629000000000000023e-03
-1.561000000000000104e-03
-1.485999999999999908e-03
-1.435000000000000078e-03
-1.386999999999999995e-03
-1.361999999999999929e-03
-1.371000000000000040e-03
-1.381000000000000066e-03
-1.400999999999999902e-03
-1.433000000000000029e-03
-1.463000000000000108e-03
-1.490999999999999921e-03
-1.516999999999999902e-03
-1.534999999999999906e-03
-1.547999999999999897e-03
-1.556000000000000091e-03
-1.557999999999999923e-03
-1.554000000000000043e-03
-1.544000000000000017e-03
-1.531999999999999942e-03
-1.515999999999999986e-03
-1.500999999999999947e-03
-1.484000000000000076e-03
-1.466000000000000072e-03
-1.446999999999999936e-03
-1.428999999999999932e-03
-1.410000000000000012e-03
-1.391000000000000092e-03
-1.371000000000000040e-03
-1.350999999999999987e-03
-1.330999999999999935e-03
-1.309999999999999967e-03
-1.288999999999999998e-03
-1.266999999999999897e-03
-1.245000000000000013e-03
-1.221999999999999996e-03
-1.199999999999999895e-03
-1.175999999999999962e-03
-1.152999999999999945e-03
-1.129000000000000012e-03
-1.105000000000000079e-03
