-1.304999999999999953e-03
-1.286999999999999950e-03
-1.281999999999999936e-03
-1.266999999999999897e-03
-1.262000000000000101e-03
-1.240999999999999916e-03
-1.224999999999999960e-03
-1.198000000000000063e-03
-1.193999999999999966e-03
-1.195000000000000099e-03
-1.217999999999999899e-03
-1.239000000000000084e-03
-1.281000000000000021e-03
-1.309999999999999967e-03
-1.340000000000000045e-03
-1.360000000000000098e-03
-1.397000000000000021e-03
-1.430000000000000064e-03
-1.476000000000000098e-03
-1.472000000000000001e-03
-1.410000000000000012e-03
-1.289999999999999914e-03
-1.170000000000000033e-03
-1.182000000000000108e-03
-1.394999999999999973e-03
-1.683000000000000034e-03
-1.994999999999999812e-03
-2.305000000000000191e-03
-2.458999999999999814e-03
-2.366000000000000048e-03
-2.188999999999999974e-03
-2.004999999999999838e-03
-1.830999999999999945e-03
-1.624999999999999925e-03
-1.449999999999999900e-03
-1.304000000000000038e-03
-1.165000000000000020e-03
-1.034999999999999896e-03
-1.167000000000000069e-03
-1.587000000000000086e-03
-2.099000000000000171e-03
-2.590999999999999987e-03
-3.024000000000000212e-03
-3.217999999999999940e-03
-3.167000000000000110e-03
-3.067999999999999981e-03
-2.991000000000000169e-03
-2.906999999999999862e-03
-2.762000000000000132e-03
-2.537999999999999892e-03
-1.965999999999999866e-03
-1.912999999999999987e-03
-2.853000000000000067e-03
-3.497000000000000108e-03
-2.861999999999999961e-03
-2.151000000000000134e-03
-2.268000000000000051e-03
-2.752000000000000106e-03
-2.619999999999999933e-03
-1.771999999999999921e-03
-9.940000000000000918e-04
-1.891000000000000103e-03
-3.004000000000000160e-03
-8.109999999999999805e-04
4.168999999999999963e-03
5.584000000000000422e-03
9.150000000000000147e-04
-6.734999999999999667e-03
-1.129999999999999928e-02
-9.438000000000000209e-03
-4.317999999999999790e-03
-8.999999999999999754e-04
-2.178999999999999947e-03
-4.817000000000000101e-03
-5.275000000000000175e-03
-4.749999999999999882e-03
-4.957999999999999734e-03
-6.455999999999999933e-03
-5.926999999999999977e-03
8.829999999999999958e-04
1.152199999999999926e-02
-9.650000000000000374e-04
-1.895300000000000110e-02
-1.402300000000000074e-02
4.086000000000000222e-03
1.248400000000000030e-02
-1.350999999999999987e-03
-2.249299999999999911e-02
-2.037800000000000028e-02
6.203000000000000180e-03
1.754999999999999963e-02
3.360999999999999838e-03
-1.195000000000000055e-02
-5.302000000000000289e-03
1.577900000000000136e-02
1.540500000000000029e-02
-1.195700000000000061e-02
-2.426400000000000085e-02
-4.795999999999999916e-03
1.507400000000000059e-02
5.101999999999999764e-03
-2.429200000000000109e-02
-4.726999999999999952e-02
-2.995300000000000046e-02
1.975299999999999973e-02
3.740999999999999881e-02
5.684999999999999949e-03
-2.000700000000000048e-02
-1.012399999999999932e-02
1.440999999999999920e-02
2.037100000000000022e-02
5.688000000000000347e-03
-1.108300000000000084e-02
-1.374599999999999954e-02
1.567999999999999949e-03
1.128400000000000063e-02
-1.221999999999999996e-03
-1.116800000000000084e-02
-5.386000000000000162e-03
-8.480000000000000124e-04
-6.392000000000000112e-03
-1.207199999999999940e-02
-1.180699999999999979e-02
-3.007000000000000124e-03
1.461100000000000072e-02
1.898599999999999940e-02
-8.153000000000000524e-03
-2.776100000000000095e-02
-1.173000000000000084e-02
2.062900000000000150e-02
2.737099999999999950e-02
2.410999999999999949e-03
-2.744500000000000065e-02
-2.941600000000000117e-02
-5.323999999999999740e-03
1.366200000000000053e-02
9.657000000000000653e-03
-7.530000000000000235e-03
-1.242700000000000055e-02
1.054999999999999948e-03
8.699000000000000135e-03
-1.219000000000000031e-03
-6.837000000000000195e-03
3.312999999999999973e-03
1.528599999999999924e-02
1.855499999999999858e-02
9.554999999999999258e-03
-7.945999999999999938e-03
-2.481500000000000025e-02
-1.849800000000000055e-02
8.980000000000000352e-04
-4.274000000000000021e-03
-1.928500000000000006e-02
-1.821899999999999908e-02
-5.150000000000000064e-03
6.917000000000000405e-03
1.439200000000000028e-02
1.690499999999999989e-02
8.467000000000000567e-03
2.154999999999999798e-03
8.966999999999999277e-03
1.718799999999999842e-02
1.069400000000000038e-02
-6.150000000000000085e-03
-5.657999999999999835e-03
1.494099999999999942e-02
2.496699999999999961e-02
1.411199999999999954e-02
-2.049000000000000040e-03
-1.660500000000000170e-02
-7.920999999999999222e-03
1.585200000000000151e-02
1.123200000000000066e-02
-3.631000000000000113e-03
1.390500000000000069e-02
4.409600000000000325e-02
4.426200000000000273e-02
1.688399999999999970e-02
-1.073499999999999975e-02
-9.811999999999999542e-03
1.640199999999999991e-02
2.072399999999999937e-02
-5.170000000000000116e-03
-1.520700000000000003e-02
-3.412999999999999801e-03
5.517000000000000202e-03
5.287000000000000033e-03
2.703000000000000107e-03
3.188999999999999994e-03
4.024999999999999932e-03
3.337999999999999821e-03
5.905999999999999792e-03
1.128799999999999942e-02
9.565000000000000585e-03
7.835999999999999216e-03
1.488500000000000066e-02
1.891200000000000173e-02
6.258999999999999807e-03
-2.033999999999999784e-03
3.710000000000000190e-04
-3.493000000000000011e-03
2.069999999999999900e-04
8.172999999999999710e-03
1.385100000000000046e-02
2.126700000000000118e-02
2.180800000000000100e-02
1.281000000000000021e-02
6.669999999999999497e-04
-2.249000000000000131e-03
6.211999999999999640e-03
1.795799999999999827e-02
2.460800000000000140e-02
1.752899999999999944e-02
4.499999999999999877e-04
-3.382000000000000024e-03
7.445000000000000229e-03
8.659999999999999296e-03
2.750000000000000166e-04
-1.997000000000000077e-03
-2.320000000000000014e-03
-7.556000000000000216e-03
-3.735000000000000039e-03
8.899000000000000660e-03
1.311599999999999919e-02
5.520999999999999866e-03
-4.794999999999999783e-03
-7.350999999999999895e-03
-3.883999999999999866e-03
-2.380000000000000117e-04
1.150999999999999896e-03
2.124000000000000020e-03
3.402000000000000076e-03
3.946999999999999988e-03
1.216999999999999983e-03
-1.611000000000000019e-03
4.898999999999999709e-03
2.028299999999999895e-02
1.851600000000000121e-02
2.419999999999999842e-03
-8.944000000000000561e-03
-1.049500000000000086e-02
-6.779000000000000303e-03
-3.337999999999999821e-03
-3.499999999999999964e-04
4.716999999999999839e-03
9.058999999999999345e-03
1.032699999999999937e-02
1.029500000000000033e-02
1.073700000000000002e-02
1.156399999999999963e-02
8.385999999999999358e-03
-6.799999999999999946e-05
-8.489000000000000018e-03
-1.081599999999999923e-02
-7.235000000000000112e-03
-8.019999999999999785e-04
7.988999999999999574e-03
1.633599999999999983e-02
1.527300000000000012e-02
4.631999999999999833e-03
1.521300000000000083e-02
1.506799999999999980e-02
6.859999999999999779e-04
-1.020000000000000073e-03
-1.105800000000000012e-02
-2.525300000000000114e-02
-1.622600000000000084e-02
1.403300000000000033e-02
3.552199999999999802e-02
1.140200000000000068e-02
-1.605900000000000036e-02
-7.003999999999999809e-03
1.440199999999999987e-02
2.717400000000000024e-02
2.129699999999999996e-02
-1.737000000000000046e-03
-1.729599999999999888e-02
-2.850999999999999802e-03
8.392000000000000154e-03
-7.421999999999999778e-03
-2.305000000000000104e-02
-7.967000000000000123e-03
2.588499999999999829e-02
5.651699999999999779e-02
4.867900000000000005e-02
1.837300000000000044e-02
1.225399999999999927e-02
2.437699999999999936e-02
3.288999999999999823e-03
-2.324199999999999877e-02
-1.695599999999999885e-02
-1.190000000000000058e-04
-7.131000000000000186e-03
-3.707099999999999979e-02
-5.518800000000000094e-02
-3.662399999999999683e-02
3.425000000000000093e-03
8.737999999999999240e-03
-2.895000000000000004e-02
-7.368099999999999650e-02
-1.077079999999999982e-01
-1.200190000000000007e-01
-1.027320000000000039e-01
-7.981100000000000694e-02
-8.147799999999999487e-02
-7.857799999999999507e-02
-8.465599999999999514e-02
-1.232440000000000063e-01
-1.404579999999999995e-01
-9.035600000000000576e-02
-1.978200000000000097e-02
1.798999999999999905e-02
2.604499999999999871e-02
1.196499999999999994e-02
-1.228699999999999931e-02
-5.096999999999999968e-03
2.753699999999999898e-02
3.056199999999999889e-02
2.158099999999999949e-02
2.337999999999999801e-03
-2.111700000000000035e-02
-2.661300000000000124e-02
-4.072800000000000031e-02
-3.568899999999999850e-02
1.410400000000000022e-02
8.183100000000000096e-02
1.186610000000000026e-01
1.179010000000000058e-01
9.255499999999999838e-02
6.452800000000000202e-02
5.140200000000000324e-02
1.545700000000000025e-02
-4.636500000000000343e-02
-5.401199999999999751e-02
6.983999999999999757e-03
3.329200000000000215e-02
7.283999999999999676e-03
-2.158300000000000149e-02
-4.340900000000000314e-02
-1.520099999999999923e-02
6.899700000000000277e-02
1.507809999999999984e-01
2.052160000000000095e-01
2.131180000000000019e-01
1.391360000000000097e-01
1.219600000000000024e-02
-1.537600000000000078e-02
8.037099999999999800e-02
1.321660000000000057e-01
7.357900000000000551e-02
-2.082699999999999829e-02
-9.313799999999999857e-02
-1.445049999999999946e-01
-1.295949999999999880e-01
-2.880200000000000121e-02
4.543900000000000022e-02
3.487699999999999828e-02
-1.701499999999999888e-02
-6.157300000000000273e-02
-6.613499999999999934e-02
-2.385800000000000073e-02
2.222199999999999870e-02
4.144599999999999673e-02
2.796600000000000127e-02
-2.367999999999999879e-03
-1.421200000000000067e-02
1.980499999999999969e-02
8.433100000000000318e-02
1.484000000000000041e-01
1.918499999999999928e-01
1.794050000000000089e-01
1.196529999999999955e-01
5.736900000000000333e-02
5.346299999999999664e-02
1.180709999999999954e-01
1.825039999999999996e-01
2.118720000000000048e-01
1.787779999999999925e-01
1.057540000000000008e-01
4.658899999999999847e-02
2.097200000000000106e-02
1.469099999999999920e-02
-1.638300000000000173e-02
-7.937800000000000411e-02
-1.283040000000000014e-01
-1.379299999999999971e-01
-1.168180000000000052e-01
-1.120619999999999949e-01
-1.365999999999999992e-01
-1.306940000000000046e-01
-5.700600000000000112e-02
-1.118700000000000076e-02
-4.383499999999999897e-02
-9.206799999999999706e-02
-1.078339999999999993e-01
-1.102520000000000028e-01
-1.308979999999999866e-01
-1.498730000000000062e-01
-1.612790000000000057e-01
-1.821879999999999888e-01
-2.033040000000000125e-01
-1.756439999999999946e-01
-9.862200000000000133e-02
-1.385800000000000053e-02
5.810300000000000187e-02
9.207400000000000306e-02
6.330700000000000216e-02
-5.316999999999999678e-03
-7.220999999999999641e-02
-8.936900000000000399e-02
-2.627499999999999974e-02
3.183600000000000319e-02
4.572600000000000275e-02
7.549699999999999467e-02
1.423729999999999996e-01
2.100140000000000062e-01
2.492739999999999956e-01
2.726410000000000222e-01
2.926019999999999732e-01
2.767800000000000260e-01
2.168329999999999980e-01
1.335999999999999965e-01
4.668599999999999833e-02
1.530899999999999969e-02
4.654200000000000004e-02
6.090099999999999680e-02
2.814799999999999941e-02
4.279999999999999950e-03
2.476899999999999935e-02
6.479600000000000637e-02
6.082200000000000106e-02
3.057999999999999954e-03
-2.850400000000000156e-02
-5.318999999999999943e-03
2.968600000000000058e-02
1.593999999999999931e-02
-5.371399999999999786e-02
-1.138880000000000031e-01
-6.848300000000000221e-02
5.784199999999999758e-02
1.060460000000000014e-01
6.268200000000000160e-02
2.618099999999999941e-02
1.155600000000000030e-02
-1.771800000000000111e-02
-4.051500000000000240e-02
-1.637900000000000120e-02
6.283999999999999655e-03
-1.404500000000000019e-02
-5.068299999999999889e-02
-7.416200000000000570e-02
-4.814100000000000323e-02
1.657300000000000093e-02
7.496700000000000585e-02
8.105700000000000405e-02
4.660999999999999865e-02
2.479699999999999960e-02
3.851000000000000256e-02
5.557200000000000334e-02
3.591500000000000248e-02
-3.136499999999999705e-02
-1.056350000000000067e-01
-1.367389999999999994e-01
-1.235160000000000008e-01
-9.955600000000000560e-02
-9.262800000000000200e-02
-1.045100000000000057e-01
-1.134629999999999944e-01
-1.054039999999999977e-01
-8.994699999999999918e-02
-8.981000000000000094e-02
-1.047560000000000019e-01
-1.205959999999999949e-01
-1.170540000000000053e-01
-8.766799999999999593e-02
-5.837699999999999834e-02
-4.998799999999999771e-02
-3.248199999999999699e-02
1.779899999999999885e-02
8.537200000000000344e-02
1.276299999999999935e-01
1.139499999999999957e-01
3.621200000000000113e-02
-1.715099999999999958e-02
-2.396000000000000126e-03
3.287099999999999744e-02
5.556200000000000028e-02
6.742299999999999682e-02
6.621199999999999308e-02
3.978199999999999792e-02
1.119999999999999983e-04
3.935000000000000130e-03
7.026999999999999913e-02
1.308789999999999953e-01
1.382869999999999933e-01
9.201399999999999857e-02
1.945200000000000054e-02
-2.005799999999999944e-02
5.976000000000000409e-03
6.332300000000000428e-02
7.588000000000000300e-02
3.954400000000000276e-02
3.376000000000000095e-03
-6.639999999999999852e-04
2.667800000000000032e-02
4.874799999999999967e-02
2.892000000000000126e-02
-2.494199999999999889e-02
-7.747800000000000520e-02
-9.813700000000000201e-02
-9.554500000000000492e-02
-1.501740000000000019e-01
-2.296080000000000065e-01
-2.529879999999999907e-01
-2.326600000000000057e-01
-2.197600000000000109e-01
-2.273920000000000108e-01
-2.372499999999999887e-01
-2.380800000000000138e-01
-2.343290000000000095e-01
-2.317899999999999960e-01
-2.281600000000000017e-01
-2.165539999999999965e-01
-1.987200000000000077e-01
-1.873100000000000043e-01
-1.900799999999999990e-01
-1.922379999999999922e-01
-1.741209999999999980e-01
-1.461099999999999899e-01
-1.195480000000000015e-01
-9.400000000000000022e-02
-8.276899999999999535e-02
-5.824800000000000116e-02
-8.899999999999999491e-04
5.999299999999999772e-02
1.000810000000000033e-01
1.155240000000000017e-01
1.081270000000000009e-01
8.911199999999999677e-02
6.956299999999999983e-02
5.254400000000000043e-02
4.465100000000000319e-02
5.422799999999999843e-02
4.873099999999999654e-02
1.999400000000000135e-02
1.550699999999999995e-02
4.562800000000000189e-02
6.258700000000000374e-02
4.244300000000000156e-02
8.028999999999999679e-03
-1.075100000000000014e-02
-1.264400000000000072e-02
-1.421299999999999994e-02
-2.896699999999999969e-02
-5.809199999999999781e-02
-8.942700000000000649e-02
-9.170399999999999385e-02
-5.306899999999999812e-02
-2.662099999999999883e-02
-3.986499999999999766e-02
-6.941799999999999360e-02
-9.599399999999999600e-02
-1.195060000000000011e-01
-1.433840000000000114e-01
-1.295930000000000137e-01
-9.969799999999999496e-02
-1.038850000000000051e-01
-1.176709999999999978e-01
-1.192340000000000066e-01
-1.209770000000000012e-01
-1.248200000000000004e-01
-1.151530000000000054e-01
-9.268099999999999949e-02
-7.670399999999999441e-02
-7.955900000000000472e-02
-8.354999999999999927e-02
-6.536899999999999655e-02
-2.860299999999999995e-02
8.031999999999999210e-03
2.842400000000000135e-02
2.709500000000000103e-02
2.987899999999999931e-02
4.870399999999999729e-02
6.223299999999999665e-02
5.755600000000000299e-02
4.737199999999999744e-02
4.139799999999999730e-02
4.358900000000000274e-02
6.214100000000000179e-02
9.373399999999999788e-02
1.172610000000000041e-01
1.238889999999999991e-01
1.223159999999999942e-01
1.233260000000000051e-01
1.330989999999999951e-01
1.484650000000000136e-01
1.433959999999999957e-01
1.023980000000000029e-01
4.987899999999999973e-02
1.727400000000000116e-02
4.165000000000000299e-03
1.423600000000000039e-02
3.995100000000000040e-02
3.414299999999999974e-02
-4.751000000000000015e-03
-8.512999999999999734e-03
3.558599999999999958e-02
8.007200000000000428e-02
8.682800000000000240e-02
6.402800000000000158e-02
3.822699999999999709e-02
6.787500000000000477e-02
1.536919999999999953e-01
2.348880000000000134e-01
2.627829999999999888e-01
2.548619999999999775e-01
2.569899999999999962e-01
2.688099999999999934e-01
2.541649999999999743e-01
1.975449999999999984e-01
1.181849999999999984e-01
6.840000000000000246e-02
4.975199999999999761e-02
2.230899999999999897e-02
-1.122399999999999960e-02
-1.149999999999999981e-02
2.309200000000000141e-02
4.206399999999999723e-02
1.841399999999999981e-02
-7.820000000000000345e-04
1.610200000000000173e-02
4.607399999999999690e-02
6.808100000000000263e-02
5.777299999999999797e-02
2.771799999999999958e-02
1.604399999999999923e-02
1.813000000000000028e-02
8.108999999999999889e-03
-1.472099999999999971e-02
-3.796800000000000175e-02
-4.754200000000000093e-02
-4.644700000000000217e-02
-5.501400000000000040e-02
-8.008099999999999941e-02
-1.005029999999999951e-01
-1.106789999999999996e-01
-1.267900000000000138e-01
-1.300969999999999904e-01
-1.111459999999999948e-01
-1.115929999999999978e-01
-1.154170000000000057e-01
-8.081699999999999995e-02
-1.936099999999999974e-02
3.801800000000000318e-02
8.246399999999999564e-02
1.094849999999999990e-01
1.290040000000000076e-01
1.535950000000000093e-01
1.592739999999999989e-01
1.366660000000000097e-01
1.096359999999999973e-01
9.619300000000000073e-02
8.184299999999999908e-02
5.575499999999999901e-02
2.708100000000000090e-02
5.958999999999999887e-03
-1.007000000000000083e-03
2.039999999999999984e-04
-1.215699999999999940e-02
-4.029699999999999949e-02
-7.105400000000000604e-02
-9.778499999999999692e-02
-1.208039999999999947e-01
-1.110339999999999938e-01
-6.043199999999999961e-02
2.592000000000000120e-03
5.975099999999999856e-02
1.114210000000000061e-01
1.545199999999999907e-01
1.824020000000000086e-01
1.996060000000000056e-01
2.037219999999999864e-01
1.800499999999999878e-01
1.466230000000000033e-01
1.293529999999999958e-01
1.246300000000000047e-01
1.242530000000000023e-01
1.254720000000000002e-01
1.302349999999999897e-01
1.385679999999999967e-01
1.469709999999999905e-01
1.535019999999999996e-01
1.445349999999999968e-01
1.175900000000000001e-01
9.073100000000000609e-02
7.077500000000000457e-02
5.363600000000000312e-02
4.369200000000000167e-02
3.860299999999999843e-02
1.850100000000000008e-02
-1.268500000000000009e-02
-2.812200000000000116e-02
-2.497299999999999867e-02
-2.675299999999999900e-02
-5.530299999999999799e-02
-1.033369999999999983e-01
-1.448929999999999940e-01
-1.679660000000000042e-01
-1.765009999999999912e-01
-1.807030000000000025e-01
-1.778720000000000023e-01
-1.675319999999999865e-01
-1.543519999999999892e-01
-1.373759999999999981e-01
-1.110099999999999976e-01
-7.798099999999999477e-02
-4.575100000000000000e-02
-3.512799999999999950e-02
-5.190100000000000269e-02
-7.638300000000000645e-02
-6.539499999999999480e-02
-1.121199999999999974e-02
5.302199999999999969e-02
1.020900000000000002e-01
1.220279999999999976e-01
1.239699999999999969e-01
1.247899999999999981e-01
1.286170000000000091e-01
1.317170000000000007e-01
1.342550000000000132e-01
1.369849999999999957e-01
1.396340000000000081e-01
1.236619999999999941e-01
6.023300000000000182e-02
-3.853199999999999681e-02
-1.374350000000000016e-01
-2.095549999999999913e-01
-2.319960000000000078e-01
-2.342940000000000023e-01
-2.514890000000000181e-01
-2.812339999999999840e-01
-3.084430000000000227e-01
-3.254949999999999788e-01
-3.011989999999999945e-01
-2.363639999999999908e-01
-1.651029999999999998e-01
-1.146009999999999945e-01
-8.744699999999999696e-02
-6.722200000000000397e-02
-4.574999999999999900e-02
-4.411600000000000243e-02
-5.441700000000000009e-02
-2.597999999999999962e-02
4.240599999999999925e-02
8.530200000000000282e-02
7.436600000000000155e-02
4.437100000000000072e-02
5.008100000000000052e-02
7.906399999999999539e-02
9.880899999999999406e-02
1.230770000000000058e-01
1.597820000000000074e-01
1.875660000000000105e-01
1.944319999999999937e-01
1.784209999999999963e-01
1.414739999999999887e-01
9.875100000000000544e-02
5.790900000000000214e-02
2.468499999999999861e-02
-1.258999999999999920e-03
-1.270100000000000048e-02
-1.691700000000000148e-02
-2.635099999999999942e-02
-3.990400000000000197e-02
-3.448799999999999782e-02
2.057999999999999934e-03
5.262300000000000311e-02
9.657499999999999418e-02
1.059520000000000045e-01
8.420800000000000507e-02
5.974200000000000343e-02
5.403600000000000070e-02
6.381299999999999473e-02
5.345400000000000151e-02
7.637999999999999824e-03
-5.368099999999999955e-02
-1.014720000000000066e-01
-1.147679999999999950e-01
-1.042410000000000003e-01
-1.072690000000000032e-01
-1.307899999999999896e-01
-1.554039999999999866e-01
-1.520539999999999947e-01
-1.235689999999999983e-01
-9.438799999999999968e-02
-7.752000000000000557e-02
-6.838400000000000034e-02
-6.714199999999999335e-02
-7.435799999999999355e-02
-8.404100000000000459e-02
-9.254400000000000126e-02
-9.853299999999999559e-02
-1.023109999999999992e-01
-8.869000000000000494e-02
-5.531699999999999812e-02
-1.772900000000000170e-02
1.621699999999999878e-02
4.719099999999999684e-02
7.000099999999999378e-02
8.243000000000000327e-02
9.699599999999999889e-02
1.185739999999999988e-01
1.387259999999999882e-01
1.494769999999999988e-01
1.532979999999999898e-01
1.453959999999999975e-01
1.242309999999999942e-01
1.152399999999999952e-01
1.281460000000000099e-01
1.475640000000000007e-01
1.725299999999999889e-01
2.049709999999999865e-01
2.360579999999999901e-01
2.579279999999999906e-01
2.729920000000000124e-01
2.509399999999999964e-01
1.830299999999999983e-01
1.009209999999999968e-01
2.549099999999999977e-02
-4.426499999999999879e-02
-1.152799999999999936e-01
-1.876220000000000110e-01
-2.513090000000000046e-01
-2.822359999999999869e-01
-2.906480000000000175e-01
-2.993999999999999995e-01
-2.752439999999999887e-01
-2.063399999999999956e-01
-1.246030000000000054e-01
-5.398200000000000220e-02
-4.278599999999999764e-02
-7.990500000000000380e-02
-9.829799999999999649e-02
-1.007170000000000010e-01
-1.186790000000000067e-01
-1.490080000000000016e-01
-1.709960000000000091e-01
-1.794640000000000124e-01
-1.656779999999999919e-01
-1.334440000000000071e-01
-9.263599999999999612e-02
-4.718499999999999778e-02
-8.710000000000000294e-04
4.406999999999999806e-02
7.832300000000000373e-02
1.019349999999999978e-01
1.232290000000000052e-01
1.418530000000000069e-01
1.409600000000000020e-01
1.203010000000000052e-01
9.782599999999999629e-02
8.495500000000000274e-02
7.876500000000000168e-02
7.368600000000000150e-02
7.113500000000000378e-02
7.098999999999999755e-02
6.493799999999999573e-02
5.567500000000000226e-02
6.393400000000000472e-02
8.864400000000000057e-02
9.164700000000000624e-02
6.218200000000000116e-02
3.201199999999999879e-02
1.078800000000000071e-02
-1.542499999999999948e-02
-5.160200000000000203e-02
-8.970599999999999408e-02
-1.237449999999999939e-01
-1.352160000000000029e-01
-1.298279999999999990e-01
-1.269220000000000070e-01
-1.282320000000000126e-01
-1.173399999999999999e-01
-7.125499999999999889e-02
1.510000000000000112e-04
7.090499999999999581e-02
1.128220000000000056e-01
1.244109999999999938e-01
1.229900000000000021e-01
1.084539999999999949e-01
8.292199999999999571e-02
5.539800000000000280e-02
4.609800000000000009e-02
5.648399999999999949e-02
6.735199999999999521e-02
5.720700000000000091e-02
2.905900000000000150e-02
4.359000000000000027e-03
-8.059999999999999457e-03
-1.433099999999999999e-02
-1.865899999999999850e-02
-1.757699999999999887e-02
-1.208500000000000026e-02
-4.910000000000000302e-03
1.801000000000000083e-03
5.144000000000000135e-03
-3.664999999999999855e-03
-2.249100000000000057e-02
-4.205500000000000210e-02
-4.646499999999999936e-02
-3.123499999999999888e-02
-1.563600000000000059e-02
-5.284300000000000108e-02
-1.257169999999999954e-01
-1.698999999999999955e-01
-1.795960000000000056e-01
-1.821160000000000001e-01
-1.737680000000000058e-01
-1.428740000000000010e-01
-1.126520000000000021e-01
-8.551499999999999380e-02
-4.746600000000000125e-02
-1.650899999999999937e-02
-4.239999999999999845e-03
1.328799999999999946e-02
4.622600000000000320e-02
8.031299999999999550e-02
9.721699999999999786e-02
7.145600000000000562e-02
2.450600000000000001e-02
1.931300000000000031e-02
5.691600000000000131e-02
9.454300000000000204e-02
1.097859999999999947e-01
1.148490000000000066e-01
1.174079999999999985e-01
1.228220000000000006e-01
1.462100000000000066e-01
1.821699999999999986e-01
1.722219999999999862e-01
1.081980000000000025e-01
3.367900000000000060e-02
-2.784100000000000116e-02
-6.270499999999999685e-02
-6.288799999999999946e-02
-5.804100000000000231e-02
-7.332400000000000029e-02
-8.904099999999999515e-02
-7.988699999999999968e-02
-5.379500000000000254e-02
-3.823200000000000209e-02
-5.025600000000000206e-02
-7.779899999999999316e-02
-1.024790000000000006e-01
-1.010360000000000008e-01
-8.158999999999999586e-02
-6.967099999999999682e-02
-6.753099999999999381e-02
-5.994900000000000229e-02
-3.948999999999999733e-02
-1.459799999999999986e-02
5.414000000000000409e-03
1.001699999999999986e-02
-2.693000000000000081e-03
-2.205199999999999869e-02
-2.751999999999999932e-02
-3.599000000000000202e-03
3.578800000000000037e-02
4.647799999999999848e-02
2.813500000000000029e-02
2.074499999999999955e-02
3.363800000000000123e-02
4.879300000000000304e-02
5.039899999999999936e-02
4.024799999999999905e-02
2.696600000000000039e-02
1.515299999999999980e-02
3.459999999999999968e-03
-1.210100000000000064e-02
-3.002499999999999961e-02
-3.448500000000000176e-02
-2.452100000000000113e-02
-1.630799999999999958e-02
-1.734700000000000131e-02
-2.154800000000000118e-02
-2.328699999999999867e-02
-1.099200000000000003e-02
1.677500000000000172e-02
4.732999999999999707e-02
4.845700000000000007e-02
1.143500000000000072e-02
-4.805000000000000243e-03
2.359699999999999992e-02
6.330700000000000216e-02
8.452600000000000391e-02
7.829300000000000148e-02
3.862000000000000155e-02
-2.164900000000000158e-02
-6.116200000000000109e-02
-9.510100000000000497e-02
-1.260590000000000044e-01
-1.371120000000000116e-01
-1.384479999999999877e-01
-1.450430000000000053e-01
-1.224839999999999957e-01
-5.978900000000000187e-02
1.298999999999999981e-02
7.724300000000000610e-02
1.239279999999999965e-01
1.267500000000000016e-01
9.053899999999999448e-02
3.500299999999999939e-02
-2.951000000000000064e-03
-2.167000000000000089e-03
1.208000000000000089e-03
-2.915600000000000136e-02
-6.232599999999999946e-02
-5.489700000000000135e-02
-3.066899999999999835e-02
-2.269600000000000090e-02
-2.198200000000000154e-02
-2.202199999999999991e-02
-3.692700000000000149e-02
-6.125099999999999989e-02
-8.291999999999999371e-02
-7.922400000000000275e-02
-5.139900000000000024e-02
-2.571199999999999875e-02
-1.443499999999999991e-02
-2.944199999999999942e-02
-6.825299999999999423e-02
-8.490399999999999336e-02
-8.216600000000000292e-02
-6.429500000000000492e-02
-1.516200000000000013e-02
5.151900000000000229e-02
7.954600000000000559e-02
5.832899999999999890e-02
4.350500000000000200e-02
6.685399999999999676e-02
1.109799999999999953e-01
1.486079999999999901e-01
1.622119999999999951e-01
1.277890000000000137e-01
7.949299999999999422e-02
6.947100000000000497e-02
8.369899999999999562e-02
8.966000000000000358e-02
8.379399999999999349e-02
6.862300000000000344e-02
5.911000000000000282e-02
6.948400000000000409e-02
9.181200000000000472e-02
1.123640000000000055e-01
1.272020000000000095e-01
1.102589999999999959e-01
6.416600000000000081e-02
2.260099999999999956e-02
-2.940800000000000011e-02
-9.599599999999999800e-02
-1.291910000000000003e-01
-1.357810000000000128e-01
-1.295159999999999922e-01
-9.725999999999999923e-02
-6.938300000000000023e-02
-7.444800000000000029e-02
-1.049120000000000053e-01
-1.390720000000000012e-01
-1.338320000000000065e-01
-8.610500000000000098e-02
-3.436700000000000171e-02
-1.578999999999999848e-02
-1.547699999999999944e-02
2.223000000000000149e-03
3.675799999999999901e-02
7.261099999999999499e-02
1.023120000000000002e-01
1.267079999999999873e-01
1.412690000000000057e-01
1.480879999999999974e-01
1.501919999999999922e-01
1.485339999999999994e-01
1.450500000000000123e-01
1.423389999999999933e-01
1.428730000000000000e-01
1.470909999999999995e-01
1.257769999999999999e-01
6.451600000000000390e-02
-1.121899999999999981e-02
-4.523800000000000043e-02
-3.095300000000000135e-02
-2.586099999999999857e-02
-3.824999999999999928e-02
-3.550299999999999984e-02
-1.288500000000000062e-02
7.661000000000000275e-03
1.579000000000000108e-03
-2.555800000000000086e-02
-5.206600000000000117e-02
-5.411200000000000038e-02
-3.207499999999999934e-02
-8.389000000000000623e-03
2.873999999999999819e-03
-2.213000000000000123e-03
-1.557399999999999930e-02
-1.249800000000000043e-02
1.945500000000000007e-02
2.968099999999999905e-02
1.514500000000000048e-02
8.444999999999999382e-03
6.849999999999999535e-04
-2.509499999999999925e-02
-6.298499999999999932e-02
-8.611499999999999710e-02
-8.154899999999999649e-02
-6.396899999999999809e-02
-5.073400000000000132e-02
-4.411500000000000143e-02
-2.824600000000000027e-02
3.552000000000000036e-03
4.075399999999999856e-02
7.267800000000000649e-02
6.144999999999999768e-02
-7.368999999999999682e-03
-6.707599999999999674e-02
-6.523099999999999732e-02
-3.293100000000000194e-02
-1.910799999999999998e-02
-3.737000000000000044e-02
-6.409199999999999620e-02
-4.840200000000000058e-02
6.557999999999999594e-03
3.411999999999999755e-02
-3.550000000000000096e-04
-3.365900000000000142e-02
-4.124799999999999994e-02
-5.874999999999999667e-02
-9.980400000000000382e-02
-1.493200000000000083e-01
-1.850320000000000020e-01
-1.671670000000000100e-01
-1.060480000000000034e-01
-5.532900000000000318e-02
-2.821299999999999850e-02
-1.938199999999999992e-02
-3.316399999999999904e-02
-4.222000000000000058e-02
-2.350299999999999959e-02
-1.081599999999999923e-02
-3.350700000000000206e-02
-6.944400000000000572e-02
-7.428600000000000481e-02
-4.083599999999999730e-02
7.373000000000000213e-03
5.195299999999999918e-02
9.266399999999999637e-02
1.248890000000000000e-01
1.003990000000000021e-01
1.922400000000000150e-02
-3.345800000000000163e-02
-1.846300000000000024e-02
2.355700000000000155e-02
3.443299999999999833e-02
1.323299999999999997e-02
-1.696500000000000091e-02
-4.345999999999999863e-02
-2.913200000000000164e-02
8.432000000000000259e-03
1.913000000000000117e-02
2.270300000000000096e-02
1.588200000000000028e-02
-1.867399999999999963e-02
-6.926599999999999424e-02
-9.793499999999999428e-02
-8.601699999999999624e-02
-5.565599999999999714e-02
-5.522300000000000125e-02
-9.171799999999999398e-02
-1.268279999999999963e-01
-9.688900000000000290e-02
-2.556299999999999892e-02
-8.614000000000000129e-03
-3.795099999999999862e-02
-4.264099999999999835e-02
-1.387599999999999945e-02
1.373599999999999995e-02
2.725500000000000145e-02
3.734599999999999725e-02
5.286199999999999927e-02
7.128299999999999914e-02
8.821199999999999875e-02
1.033980000000000038e-01
1.184169999999999945e-01
1.277780000000000027e-01
1.290179999999999938e-01
1.271710000000000063e-01
1.225600000000000023e-01
1.025100000000000039e-01
6.386100000000000110e-02
1.942800000000000082e-02
-2.195300000000000029e-02
-4.264500000000000235e-02
-3.253400000000000042e-02
-1.898899999999999894e-02
-2.042700000000000071e-02
-1.894699999999999857e-02
-1.126699999999999924e-02
-1.113199999999999953e-02
-1.452400000000000045e-02
-1.715699999999999864e-02
-3.380299999999999971e-02
-6.473399999999999987e-02
-9.427199999999999469e-02
-1.095099999999999962e-01
-1.212440000000000045e-01
-1.149420000000000025e-01
-8.321299999999999530e-02
-4.030500000000000055e-02
3.263999999999999974e-03
4.498100000000000015e-02
8.398200000000000109e-02
7.896499999999999353e-02
-1.087800000000000052e-02
-9.167100000000000248e-02
-9.191699999999999871e-02
-4.857600000000000112e-02
-9.655999999999999653e-03
-2.211799999999999877e-02
-6.518500000000000683e-02
-6.273499999999999910e-02
-8.063000000000000722e-03
2.238100000000000159e-02
2.125999999999999852e-03
-1.775600000000000095e-02
-8.895000000000000129e-03
1.056900000000000027e-02
2.169199999999999948e-02
1.638600000000000126e-02
3.562000000000000062e-03
7.856000000000000136e-03
3.706899999999999779e-02
4.820300000000000279e-02
1.862300000000000066e-02
-1.708900000000000002e-02
-2.441300000000000067e-02
-5.223000000000000212e-03
1.921000000000000138e-02
3.277100000000000152e-02
3.557099999999999845e-02
4.506500000000000089e-02
6.662300000000000166e-02
8.728500000000000147e-02
9.494199999999999862e-02
8.907700000000000340e-02
6.838500000000000134e-02
3.748699999999999949e-02
2.277699999999999864e-02
1.940700000000000064e-02
1.614499999999999963e-02
1.808999999999999844e-02
1.788700000000000012e-02
2.474499999999999963e-02
4.741200000000000275e-02
7.643099999999999894e-02
1.020199999999999996e-01
1.200819999999999943e-01
1.294260000000000133e-01
1.281960000000000044e-01
1.266879999999999951e-01
1.156739999999999990e-01
7.760999999999999843e-02
2.162899999999999892e-02
-3.268700000000000078e-02
-5.568700000000000039e-02
-3.761500000000000260e-02
-3.102000000000000157e-03
2.724400000000000086e-02
4.225199999999999789e-02
5.951000000000000040e-02
1.039110000000000034e-01
1.675200000000000022e-01
2.152020000000000044e-01
2.174030000000000129e-01
1.938110000000000110e-01
1.884770000000000056e-01
1.842489999999999961e-01
1.541029999999999900e-01
1.087130000000000041e-01
6.572000000000000064e-02
2.943399999999999836e-02
5.329999999999999669e-03
-4.581000000000000003e-03
-8.692000000000000073e-03
-1.226700000000000013e-02
-1.581700000000000120e-02
-1.858500000000000082e-02
-2.195599999999999982e-02
-4.211600000000000066e-02
-8.141800000000000426e-02
-1.230949999999999961e-01
-1.444040000000000046e-01
-1.375989999999999991e-01
-1.135570000000000052e-01
-9.111400000000000055e-02
-8.871099999999999819e-02
-9.185100000000000209e-02
-8.258699999999999375e-02
-6.495599999999999985e-02
-7.067400000000000071e-02
-1.068110000000000032e-01
-1.502640000000000087e-01
-1.738879999999999870e-01
-1.699039999999999995e-01
-1.671719999999999873e-01
-1.851099999999999968e-01
-1.774320000000000064e-01
-1.254830000000000112e-01
-6.315900000000000680e-02
-3.343000000000000138e-02
-4.270000000000000184e-02
-6.180499999999999883e-02
-7.378899999999999348e-02
-6.167199999999999765e-02
-2.690199999999999883e-02
1.274800000000000065e-02
3.846000000000000113e-02
3.650199999999999972e-02
1.709199999999999955e-02
5.124000000000000082e-03
5.679000000000000020e-03
8.475999999999999160e-03
8.004000000000000697e-03
6.548000000000000001e-03
1.047599999999999920e-02
2.306300000000000017e-02
2.889299999999999854e-02
2.061699999999999991e-02
2.564800000000000066e-02
5.633900000000000019e-02
9.597200000000000175e-02
1.301710000000000089e-01
1.379869999999999985e-01
9.212499999999999856e-02
2.501899999999999957e-02
1.067999999999999939e-03
2.530400000000000010e-02
6.474800000000000000e-02
9.769799999999999318e-02
1.030149999999999955e-01
8.409099999999999908e-02
8.840099999999999347e-02
1.262449999999999961e-01
1.534600000000000131e-01
1.493559999999999888e-01
1.441910000000000136e-01
1.380280000000000118e-01
1.033570000000000044e-01
4.454500000000000126e-02
-1.217900000000000059e-02
-4.227299999999999808e-02
-5.243199999999999944e-02
-6.592399999999999649e-02
-7.363799999999999513e-02
-5.138999999999999818e-02
-5.597999999999999678e-03
4.102700000000000097e-02
7.421200000000000019e-02
7.166400000000000547e-02
3.948999999999999733e-02
3.915000000000000077e-03
-2.337499999999999994e-02
-4.498800000000000021e-02
-5.366699999999999943e-02
-4.692600000000000243e-02
-3.440399999999999708e-02
-8.959999999999999215e-03
2.994799999999999893e-02
7.130999999999999839e-02
9.797100000000000253e-02
1.083849999999999952e-01
1.145110000000000017e-01
1.220149999999999985e-01
1.203899999999999970e-01
1.033239999999999992e-01
8.813300000000000300e-02
9.650899999999999757e-02
1.233339999999999992e-01
1.453029999999999877e-01
1.526899999999999924e-01
1.530289999999999984e-01
1.542070000000000107e-01
1.463170000000000026e-01
1.115460000000000063e-01
5.587299999999999905e-02
-5.700000000000000314e-05
-3.444400000000000239e-02
-3.852200000000000069e-02
-3.758000000000000229e-02
-4.911200000000000288e-02
-6.654000000000000192e-02
-8.083799999999999319e-02
-8.604100000000000636e-02
-8.024000000000000576e-02
-6.925299999999999512e-02
-5.903599999999999820e-02
-5.847900000000000320e-02
-7.290499999999999758e-02
-9.546799999999999731e-02
-1.174850000000000061e-01
-1.366300000000000014e-01
-1.423629999999999896e-01
-1.308759999999999923e-01
-1.189980000000000065e-01
-1.192089999999999955e-01
-1.264010000000000133e-01
-1.304770000000000096e-01
-1.228640000000000010e-01
-1.069309999999999983e-01
-9.671699999999999742e-02
-9.590200000000000113e-02
-9.481299999999999450e-02
-8.775499999999999967e-02
-8.192099999999999382e-02
-8.378299999999999637e-02
-7.379900000000000349e-02
-3.220200000000000146e-02
2.825599999999999987e-02
8.113800000000000179e-02
1.069760000000000016e-01
1.138289999999999996e-01
1.189749999999999974e-01
1.056089999999999945e-01
6.668799999999999728e-02
2.018999999999999961e-02
-2.215500000000000108e-02
-6.017200000000000326e-02
-8.801399999999999502e-02
-9.832799999999999874e-02
-1.158290000000000014e-01
-1.372009999999999896e-01
-1.247120000000000034e-01
-7.986799999999999455e-02
-3.052300000000000152e-02
9.612000000000000752e-03
2.584200000000000039e-02
7.584999999999999729e-03
-2.347899999999999987e-02
-4.730100000000000277e-02
-6.492000000000000548e-02
-7.817599999999999549e-02
-8.324499999999999955e-02
-7.594399999999999762e-02
-5.651099999999999873e-02
-4.011399999999999688e-02
-3.409399999999999931e-02
-3.170599999999999807e-02
-2.792499999999999843e-02
-2.992399999999999921e-02
-4.394699999999999995e-02
-6.370199999999999474e-02
-7.449799999999999478e-02
-7.196600000000000219e-02
-6.453599999999999615e-02
-5.198699999999999849e-02
-1.743300000000000058e-02
3.786599999999999688e-02
9.596499999999999475e-02
1.493770000000000098e-01
2.001960000000000128e-01
2.504700000000000260e-01
2.765380000000000060e-01
2.573960000000000137e-01
2.095779999999999865e-01
1.458119999999999972e-01
7.146900000000000475e-02
-4.257000000000000367e-03
-7.614100000000000035e-02
-1.056119999999999975e-01
-7.782100000000000128e-02
-2.689400000000000124e-02
1.832599999999999854e-02
5.683499999999999663e-02
9.655900000000000594e-02
1.375909999999999911e-01
1.566079999999999972e-01
1.432740000000000125e-01
1.048950000000000021e-01
5.584499999999999881e-02
8.151999999999999524e-03
-3.618500000000000189e-02
-5.942800000000000166e-02
-4.966799999999999687e-02
-2.320900000000000046e-02
-5.410000000000000312e-04
-1.933500000000000149e-02
-8.043400000000000549e-02
-1.402819999999999900e-01
-1.606029999999999958e-01
-1.526659999999999962e-01
-1.732360000000000011e-01
-2.306660000000000099e-01
-2.934999999999999831e-01
-3.226160000000000139e-01
-2.260900000000000132e-01
-2.982100000000000029e-02
1.057850000000000040e-01
1.464699999999999891e-01
1.667230000000000101e-01
2.077970000000000095e-01
2.268400000000000138e-01
1.935850000000000071e-01
1.357899999999999940e-01
8.449900000000000466e-02
4.347700000000000176e-02
3.687800000000000106e-02
6.673999999999999377e-02
8.951000000000000623e-02
7.068099999999999383e-02
2.645199999999999982e-02
1.904000000000000137e-02
6.044499999999999873e-02
1.107189999999999980e-01
1.336519999999999930e-01
1.051929999999999948e-01
4.631300000000000000e-02
-5.180000000000000143e-04
-2.546899999999999858e-02
-5.380299999999999666e-02
-9.444099999999999717e-02
-1.301499999999999879e-01
-1.168740000000000057e-01
-5.870999999999999830e-02
5.304999999999999820e-03
5.859600000000000225e-02
9.856900000000000384e-02
9.167999999999999761e-02
3.873200000000000254e-02
-2.272800000000000167e-02
-7.552899999999999892e-02
-1.233559999999999934e-01
-1.639500000000000124e-01
-1.895169999999999910e-01
-1.833009999999999917e-01
-1.339789999999999870e-01
-6.149199999999999805e-02
1.177300000000000048e-02
8.324700000000000155e-02
1.559319999999999873e-01
2.250840000000000063e-01
2.233209999999999917e-01
1.317500000000000060e-01
1.217200000000000053e-02
-8.723100000000000298e-02
-1.483750000000000069e-01
-1.885159999999999891e-01
-2.267349999999999921e-01
-2.307420000000000027e-01
-1.849320000000000130e-01
-1.209559999999999941e-01
-6.382699999999999485e-02
-2.840300000000000116e-02
-2.889699999999999908e-02
-5.441399999999999709e-02
-7.711099999999999899e-02
-7.903899999999999815e-02
-7.785200000000000453e-02
-9.528200000000000558e-02
-1.237020000000000064e-01
-1.507419999999999871e-01
-1.644180000000000086e-01
-1.320040000000000102e-01
-5.621199999999999808e-02
2.520299999999999971e-02
9.471699999999999564e-02
1.066290000000000016e-01
4.505499999999999783e-02
-4.603600000000000053e-02
-1.159110000000000001e-01
-1.376229999999999953e-01
-1.374720000000000109e-01
-1.474439999999999917e-01
-1.648940000000000128e-01
-1.647309999999999885e-01
-1.248739999999999989e-01
-6.172400000000000109e-02
8.090000000000000403e-04
5.682700000000000251e-02
1.088940000000000047e-01
1.053280000000000050e-01
2.298100000000000143e-02
-4.906900000000000150e-02
-6.058999999999999803e-02
-4.834299999999999708e-02
-3.829099999999999865e-02
-2.527499999999999886e-02
-2.556999999999999811e-03
2.363499999999999976e-02
4.713300000000000128e-02
4.961600000000000038e-02
2.228400000000000172e-02
-1.957400000000000112e-02
-5.444999999999999840e-02
-7.492000000000000048e-02
-8.753299999999999970e-02
-9.819300000000000250e-02
-7.421400000000000219e-02
-1.118099999999999997e-02
5.973400000000000237e-02
1.226919999999999955e-01
1.806000000000000105e-01
2.406000000000000083e-01
3.016360000000000152e-01
3.491159999999999819e-01
3.603500000000000036e-01
3.431569999999999898e-01
3.245879999999999876e-01
3.178179999999999894e-01
3.201860000000000261e-01
3.214420000000000055e-01
2.993410000000000237e-01
2.153529999999999889e-01
8.536199999999999344e-02
-3.174699999999999744e-02
-1.004639999999999977e-01
-1.402960000000000040e-01
-1.799870000000000081e-01
-2.065549999999999886e-01
-2.094479999999999953e-01
-2.028540000000000065e-01
-1.692299999999999915e-01
-9.653100000000000569e-02
-8.883999999999999536e-03
3.410599999999999743e-02
1.803000000000000089e-02
-1.573799999999999852e-02
-3.996700000000000252e-02
-4.617700000000000277e-02
-4.600200000000000122e-02
-6.322999999999999454e-02
-9.798300000000000065e-02
-1.345490000000000019e-01
-1.663570000000000049e-01
-1.930679999999999896e-01
-1.866309999999999913e-01
-1.431939999999999880e-01
-9.226700000000000179e-02
-4.887199999999999878e-02
-1.106399999999999918e-02
2.828100000000000058e-02
6.862400000000000444e-02
1.084520000000000067e-01
1.461020000000000096e-01
1.839590000000000114e-01
2.213809999999999945e-01
2.559080000000000243e-01
2.595560000000000089e-01
2.239929999999999977e-01
1.752539999999999931e-01
1.437279999999999947e-01
1.398129999999999928e-01
1.359239999999999893e-01
1.044270000000000059e-01
5.406500000000000195e-02
5.043999999999999873e-03
-3.767899999999999722e-02
-7.381500000000000561e-02
-9.874800000000000244e-02
-1.148829999999999990e-01
-1.295290000000000052e-01
-1.447160000000000113e-01
-1.490779999999999883e-01
-1.342839999999999867e-01
-1.097080000000000000e-01
-8.624099999999999822e-02
-6.581299999999999650e-02
-4.828299999999999953e-02
-3.821399999999999797e-02
-3.478300000000000142e-02
-3.259399999999999797e-02
-2.927199999999999941e-02
-2.554199999999999873e-02
-2.217099999999999974e-02
-1.698300000000000157e-02
-8.932999999999999968e-03
1.469999999999999953e-04
8.852000000000000493e-03
1.707799999999999943e-02
2.510300000000000031e-02
3.127200000000000119e-02
3.303299999999999986e-02
3.155899999999999678e-02
3.002399999999999861e-02
3.156799999999999884e-02
4.263499999999999929e-02
6.079999999999999988e-02
6.435899999999999954e-02
4.674999999999999989e-02
3.536399999999999960e-02
4.712800000000000322e-02
6.810299999999999687e-02
8.045499999999999874e-02
8.430200000000000193e-02
8.778600000000000292e-02
8.489199999999999524e-02
6.927500000000000324e-02
4.720200000000000090e-02
2.593799999999999925e-02
7.024999999999999994e-03
-6.440999999999999677e-03
-7.959000000000000796e-03
-7.510000000000000399e-04
7.267000000000000022e-03
1.342800000000000070e-02
1.909200000000000133e-02
2.379799999999999971e-02
1.913499999999999923e-02
4.682000000000000398e-03
-1.135099999999999998e-02
-2.505999999999999894e-02
-3.260400000000000104e-02
-3.326899999999999996e-02
-3.105000000000000121e-02
-3.107400000000000093e-02
-3.844100000000000295e-02
-4.891399999999999915e-02
-4.820200000000000179e-02
-3.591300000000000048e-02
-2.190399999999999986e-02
-1.067000000000000066e-02
-1.422000000000000087e-03
2.760999999999999999e-03
1.564000000000000069e-03
-9.520000000000000467e-04
-2.675999999999999993e-03
-3.943000000000000324e-03
-5.595000000000000147e-03
-9.103999999999999246e-03
-1.661899999999999836e-02
-2.633999999999999883e-02
-2.860599999999999948e-02
-1.901500000000000065e-02
-4.530000000000000172e-03
8.833999999999999839e-03
2.052299999999999958e-02
3.138599999999999723e-02
2.680799999999999850e-02
4.619999999999999975e-03
-2.104400000000000021e-02
-4.331000000000000127e-02
-6.185399999999999926e-02
-7.485600000000000587e-02
-8.248600000000000376e-02
-8.838300000000000323e-02
-8.566799999999999415e-02
-6.992299999999999904e-02
-4.825399999999999828e-02
-3.278999999999999970e-02
-2.541900000000000062e-02
-2.084700000000000095e-02
-1.754199999999999857e-02
-1.002499999999999919e-02
4.819999999999999632e-03
2.248400000000000051e-02
3.921600000000000086e-02
5.048300000000000010e-02
5.175899999999999945e-02
4.605100000000000166e-02
3.919600000000000167e-02
2.251099999999999976e-02
-6.146999999999999686e-03
-3.758700000000000235e-02
-6.581599999999999950e-02
-7.980600000000000194e-02
-7.488499999999999324e-02
-5.397099999999999814e-02
-2.057399999999999854e-02
1.778599999999999973e-02
5.530199999999999699e-02
8.450599999999999778e-02
1.017369999999999941e-01
1.107879999999999976e-01
9.137099999999999389e-02
3.423299999999999954e-02
-3.663600000000000190e-02
-1.016439999999999982e-01
-1.324279999999999902e-01
-1.254319999999999879e-01
-1.059049999999999991e-01
-9.080199999999999383e-02
-7.989200000000000468e-02
-7.850000000000000033e-02
-7.701800000000000312e-02
-7.013400000000000190e-02
-7.029499999999999638e-02
-7.933199999999999974e-02
-8.402700000000000446e-02
-7.638000000000000345e-02
-6.378799999999999748e-02
-5.939500000000000335e-02
-6.784600000000000353e-02
-7.019300000000000539e-02
-5.694500000000000256e-02
-3.825200000000000128e-02
-2.514999999999999875e-02
-2.022399999999999892e-02
-1.832400000000000001e-02
-1.544700000000000066e-02
-1.182199999999999918e-02
-8.547000000000000777e-03
-3.405000000000000041e-03
1.151499999999999919e-02
3.552700000000000302e-02
6.061300000000000021e-02
8.324399999999999855e-02
9.959700000000000497e-02
1.059269999999999934e-01
1.024999999999999939e-01
8.488400000000000112e-02
5.582999999999999768e-02
2.544599999999999987e-02
-2.781000000000000052e-03
-2.938699999999999993e-02
-5.090700000000000086e-02
-6.455800000000000427e-02
-7.512699999999999934e-02
-8.587699999999999501e-02
-9.676899999999999391e-02
-9.451099999999999779e-02
-7.683199999999999752e-02
-5.544299999999999923e-02
-4.795200000000000157e-02
-5.455000000000000127e-02
-6.228600000000000109e-02
-5.629100000000000076e-02
-3.495199999999999696e-02
-1.008200000000000068e-02
5.886999999999999872e-03
1.227699999999999972e-02
1.420800000000000014e-02
1.047200000000000041e-02
1.962999999999999901e-03
-7.660000000000000142e-03
-1.625400000000000109e-02
-2.108099999999999904e-02
-1.958899999999999877e-02
-1.417500000000000010e-02
-8.666999999999999357e-03
-4.039000000000000055e-03
6.099999999999999737e-04
8.380000000000000296e-03
1.956300000000000053e-02
3.128899999999999737e-02
3.848200000000000232e-02
3.865899999999999892e-02
3.501400000000000345e-02
2.616599999999999829e-02
1.067500000000000046e-02
-4.943000000000000345e-03
-1.392900000000000041e-02
-2.114999999999999866e-02
-3.511800000000000338e-02
-5.391800000000000065e-02
-7.155699999999999561e-02
-6.828399999999999748e-02
-4.354500000000000037e-02
-1.516699999999999993e-02
8.866999999999999882e-03
3.090299999999999991e-02
5.422099999999999836e-02
7.702399999999999525e-02
7.916199999999999626e-02
5.006599999999999939e-02
7.179999999999999750e-03
-3.218100000000000127e-02
-5.227400000000000102e-02
-4.231900000000000245e-02
-1.460900000000000046e-02
1.312299999999999925e-02
3.680599999999999844e-02
5.643299999999999705e-02
6.196499999999999925e-02
5.340199999999999808e-02
4.224800000000000083e-02
3.349900000000000100e-02
2.615900000000000170e-02
1.832200000000000148e-02
1.756599999999999828e-02
2.735299999999999884e-02
4.144599999999999673e-02
5.409599999999999825e-02
6.283500000000000196e-02
6.568499999999999339e-02
6.454000000000000015e-02
6.297800000000000620e-02
6.214700000000000085e-02
6.128499999999999920e-02
5.689600000000000213e-02
4.462599999999999900e-02
2.682800000000000115e-02
8.819000000000000450e-03
-7.132999999999999584e-03
-1.171400000000000045e-02
-4.298999999999999870e-03
5.466999999999999638e-03
1.318599999999999980e-02
1.976999999999999938e-02
2.634299999999999836e-02
2.044500000000000137e-02
-1.598999999999999944e-03
-2.835800000000000126e-02
-5.021400000000000169e-02
-6.236799999999999983e-02
-6.881900000000000517e-02
-7.508199999999999597e-02
-7.920900000000000163e-02
-7.511199999999999821e-02
-6.458600000000000452e-02
-5.217399999999999816e-02
-3.949199999999999933e-02
-2.645199999999999982e-02
-1.320400000000000046e-02
-5.839999999999999922e-04
3.996000000000000420e-03
-3.080000000000000055e-04
-6.440999999999999677e-03
-1.102400000000000081e-02
-1.474600000000000043e-02
-1.869399999999999881e-02
-1.891699999999999979e-02
-1.427800000000000076e-02
-8.434999999999999790e-03
-3.454000000000000039e-03
1.513000000000000022e-03
1.749099999999999960e-02
4.970700000000000118e-02
8.220299999999999829e-02
9.022199999999999664e-02
7.678599999999999315e-02
6.150599999999999817e-02
5.119200000000000139e-02
4.224100000000000077e-02
3.142299999999999954e-02
1.985999999999999918e-02
9.020000000000000240e-03
7.360000000000000006e-04
8.019999999999999785e-04
8.540999999999999981e-03
1.746899999999999842e-02
2.687700000000000158e-02
3.903800000000000325e-02
5.365600000000000230e-02
6.817900000000000349e-02
7.882200000000000317e-02
8.268399999999999361e-02
8.399299999999999822e-02
9.165900000000000436e-02
1.001110000000000055e-01
9.321899999999999631e-02
7.265699999999999936e-02
5.065100000000000158e-02
3.204499999999999710e-02
1.461699999999999978e-02
-3.738000000000000003e-03
-2.248899999999999857e-02
-3.956900000000000001e-02
-3.864999999999999686e-02
-1.573400000000000146e-02
1.352199999999999930e-02
3.876199999999999785e-02
4.877800000000000191e-02
4.524899999999999756e-02
3.695699999999999680e-02
2.563400000000000054e-02
1.164600000000000010e-02
-2.746000000000000177e-03
-8.684000000000000746e-03
-3.059000000000000087e-03
6.786000000000000365e-03
1.511799999999999949e-02
2.111400000000000082e-02
2.657199999999999840e-02
3.244299999999999962e-02
3.852400000000000269e-02
4.403200000000000169e-02
4.723900000000000321e-02
4.492999999999999772e-02
3.846299999999999719e-02
3.162199999999999733e-02
2.591500000000000054e-02
2.218699999999999839e-02
2.172800000000000079e-02
2.347300000000000081e-02
2.539200000000000138e-02
2.488500000000000087e-02
2.106900000000000092e-02
1.595600000000000143e-02
1.119599999999999936e-02
6.774999999999999772e-03
2.275000000000000112e-03
-2.243999999999999901e-03
-6.403999999999999970e-03
-5.030999999999999882e-03
7.269000000000000287e-03
1.907599999999999921e-02
1.052900000000000016e-02
-1.497399999999999946e-02
-3.987500000000000072e-02
-4.633600000000000219e-02
-5.440600000000000297e-02
-6.318899999999999517e-02
-7.310600000000000431e-02
-7.882799999999999530e-02
-7.946300000000000585e-02
-7.921999999999999875e-02
-7.992499999999999605e-02
-8.101899999999999380e-02
-8.167199999999999460e-02
-8.146100000000000563e-02
-7.220400000000000429e-02
-4.993199999999999722e-02
-2.921999999999999945e-02
-1.798599999999999852e-02
-8.432999999999999524e-03
4.793999999999999651e-03
1.977500000000000091e-02
3.347399999999999681e-02
4.416099999999999887e-02
5.177500000000000158e-02
5.807699999999999668e-02
6.239100000000000201e-02
6.007599999999999746e-02
5.194599999999999912e-02
4.342900000000000232e-02
4.077900000000000275e-02
4.438199999999999784e-02
4.921199999999999880e-02
5.388600000000000334e-02
5.965800000000000269e-02
6.662700000000000566e-02
7.095500000000000418e-02
6.935299999999999798e-02
6.394700000000000384e-02
5.906499999999999945e-02
5.635500000000000231e-02
5.490799999999999847e-02
5.325499999999999678e-02
5.124200000000000282e-02
4.922699999999999992e-02
4.742099999999999788e-02
4.520899999999999919e-02
3.680800000000000044e-02
2.128800000000000137e-02
4.649000000000000354e-03
-1.042799999999999977e-02
-2.431200000000000028e-02
-3.779199999999999920e-02
-4.400899999999999951e-02
-4.187400000000000150e-02
-3.757900000000000129e-02
-3.472100000000000186e-02
-3.268900000000000278e-02
-3.052099999999999952e-02
-2.904899999999999843e-02
-2.869999999999999982e-02
-2.865200000000000038e-02
-2.843800000000000147e-02
-2.799600000000000005e-02
-2.765899999999999956e-02
-2.735100000000000031e-02
-2.702900000000000094e-02
-2.589199999999999835e-02
-2.380699999999999830e-02
-2.142600000000000060e-02
-1.927500000000000047e-02
-1.728000000000000022e-02
-1.533600000000000067e-02
-1.339300000000000039e-02
-1.153799999999999965e-02
-9.601999999999999424e-03
-7.553999999999999951e-03
-5.486000000000000425e-03
-3.550999999999999903e-03
-1.698000000000000074e-03
3.300000000000000253e-05
1.652999999999999955e-03
2.116999999999999958e-03
-1.100000000000000066e-03
-7.302999999999999596e-03
-1.287100000000000050e-02
-1.627999999999999933e-02
-1.850600000000000162e-02
-2.091399999999999856e-02
-2.336799999999999988e-02
-2.443599999999999939e-02
-2.373799999999999868e-02
-2.246300000000000033e-02
-1.896000000000000116e-02
-1.237300000000000032e-02
-4.589000000000000197e-03
2.543000000000000121e-03
8.857000000000000289e-03
1.381600000000000016e-02
1.745599999999999929e-02
2.055799999999999988e-02
2.359299999999999939e-02
2.645099999999999882e-02
2.887800000000000089e-02
2.950499999999999998e-02
2.852199999999999874e-02
2.728099999999999969e-02
2.630400000000000099e-02
2.535499999999999907e-02
2.423300000000000107e-02
2.204800000000000162e-02
1.813700000000000034e-02
1.334899999999999975e-02
8.765999999999999487e-03
4.629999999999999567e-03
7.609999999999999577e-04
-3.340000000000000087e-03
-8.215999999999999345e-03
-1.352599999999999983e-02
-1.848199999999999843e-02
-2.295300000000000118e-02
-2.670799999999999910e-02
-2.523699999999999902e-02
-1.708099999999999896e-02
-1.126699999999999924e-02
-1.366999999999999986e-02
-2.023900000000000005e-02
-2.566799999999999984e-02
-2.943799999999999889e-02
-3.281300000000000189e-02
-3.636799999999999755e-02
-3.953099999999999670e-02
-4.157700000000000284e-02
-3.803000000000000130e-02
-2.939100000000000046e-02
-2.049099999999999880e-02
-1.332900000000000057e-02
-7.231999999999999713e-03
-1.443000000000000055e-03
3.710999999999999889e-03
6.269000000000000267e-03
6.233999999999999958e-03
4.113000000000000336e-03
6.769999999999999759e-04
-2.703999999999999806e-03
-5.631999999999999854e-03
-8.172999999999999710e-03
-1.011899999999999952e-02
-1.115000000000000019e-02
-1.164300000000000057e-02
-1.203000000000000076e-02
-1.243599999999999914e-02
-1.277299999999999963e-02
-1.301199999999999926e-02
-1.306700000000000049e-02
-1.285200000000000058e-02
-1.244699999999999973e-02
-1.204599999999999942e-02
-1.169700000000000080e-02
-1.137099999999999916e-02
-1.097300000000000011e-02
-1.041699999999999918e-02
-9.778000000000000233e-03
-9.199999999999999845e-03
-8.706999999999999462e-03
-8.278999999999999901e-03
-7.894999999999999241e-03
-7.576000000000000269e-03
-7.543000000000000226e-03
-7.842999999999999278e-03
-8.205999999999999753e-03
-8.444999999999999382e-03
-8.540000000000000716e-03
-8.420000000000000401e-03
-8.125000000000000278e-03
-7.807999999999999836e-03
-7.511000000000000315e-03
-7.222000000000000121e-03
-6.936000000000000325e-03
-6.708000000000000421e-03
-6.517000000000000223e-03
-6.302000000000000310e-03
-6.042999999999999761e-03
-5.780999999999999681e-03
-5.540999999999999918e-03
-5.289000000000000298e-03
-4.978999999999999919e-03
-4.578999999999999737e-03
-4.126000000000000327e-03
-3.677999999999999846e-03
-3.259000000000000178e-03
-2.858999999999999996e-03
-2.458999999999999814e-03
-2.054999999999999969e-03
-1.649999999999999991e-03
-1.247999999999999977e-03
-8.490000000000000368e-04
-4.510000000000000120e-04
-5.000000000000000240e-05
3.449999999999999833e-04
7.269999999999999987e-04
1.095999999999999969e-03
1.461999999999999975e-03
1.835000000000000043e-03
2.197999999999999867e-03
2.530999999999999830e-03
2.827999999999999785e-03
3.102000000000000157e-03
3.370999999999999865e-03
3.637000000000000042e-03
3.896999999999999856e-03
4.151000000000000176e-03
4.406000000000000194e-03
4.662999999999999610e-03
4.918999999999999762e-03
5.168999999999999984e-03
5.415999999999999807e-03
5.658999999999999968e-03
5.898999999999999730e-03
6.135999999999999961e-03
6.367000000000000264e-03
6.594000000000000035e-03
6.816000000000000010e-03
7.033000000000000189e-03
7.245999999999999837e-03
7.453000000000000423e-03
7.655999999999999611e-03
