0.008418255
0.002355801
-0.003095681
-0.00609407
-0.01118143
-0.01585875
-0.0147843
-0.009583965
-0.005283272
0.005023172
0.02452899
0.03242312
0.01759062
-0.003134423
0.02415906
0.05145356
0.01907806
-0.04272343
-0.09286532
-0.1142218
-0.08890205
-0.009508029
0.06171272
0.07513414
0.07071065
0.08894136
0.07999621
0.08766889
0.04768103
0.0005888651
-0.1270833
-0.225355
-0.2224784
-0.02519695
0.1232948
0.03935717
0.04977155
0.0324001
0.05848675
0.09300166
0.06400832
0.004044683
-0.008350225
0.03509272
-0.01155584
-0.06895623
-0.1338159
-0.1176978
-0.05179035
0.002382948
0.06034861
0.09008576
0.1090639
0.06862508
0.01490072
-0.0142743
-0.01581242
-0.04619206
-0.114885
-0.0926928
0.01021401
0.09542686
0.0775636
-0.03270146
-0.02746785
0.02392483
0.05853545
0.03901671
-0.02350015
-0.06347908
-0.08391789
-0.00205478
0.07363222
-0.0005238783
-0.06618135
-0.05002462
0.04424982
0.07603905
0.06076956
0.07459862
0.06429245
0.007355936
-0.1116567
-0.1573182
-0.07818263
0.05142862
0.07024341
0.00160441
-0.02183534
0.01073311
0.06595166
0.09105575
0.05976707
-0.001293354
-0.04715375
-0.06347904
-0.05634738
-0.03053342
-0.01067014
-0.01649965
-0.0003593811
0.04228864
0.06914094
0.001601415
-0.08053227
-0.03378387
0.03269847
0.05198948
0.07721586
0.07800406
0.046802
0.03355806
-0.02316441
-0.1134224
-0.1635078
-0.1486426
-0.04721307
0.05930931
0.08997531
0.1265838
0.1115507
0.08487336
0.02999092
-0.007852424
-0.05058055
-0.1168115
-0.1636829
-0.1021161
0.02472367
0.06619856
0.09054661
0.1002627
0.1209643
0.06557489
-0.0430769
-0.09908752
-0.02815914
0.02328927
-0.01747543
-0.07805464
-0.08485539
-0.01058347
0.04855062
0.05423977
0.04337329
-0.02342081
-0.05557164
-0.03664903
-0.03243176
-0.005539908
0.04254347
0.09122048
0.07992251
0.01552435
-0.02785365
-0.01455535
0.02116967
0.01223095
-0.03877769
-0.06412415
-0.009234354
0.07271603
0.1028657
0.08764988
0.02659118
-0.04076401
-0.05272911
-0.01686643
0.03478993
0.07435726
0.07455768
0.0565419
0.02950424
-0.02072109
-0.07820883
-0.133575
-0.157825
-0.1441932
-0.05583834
-0.02724931
-0.04893201
0.05962908
0.08776215
-0.01171187
-0.05534294
-0.04832286
-0.09049535
-0.08720949
-0.06815953
-0.1769309
-0.3074935
-0.4860185
-0.4853368
-0.450992
-0.222431
0.3520691
0.2255732
-0.01266574
0.3940433
0.4569114
0.3714439
0.3513127
0.4803635
0.4089628
0.6065382
0.5067581
0.08271998
0.1426657
-0.2458631
-0.2848482
0.6266079
0.4606624
-0.7225362
-0.8480225
-0.735667
-0.5327866
-0.1749805
-0.070322
-0.1140704
-0.06479496
-0.1255754
-0.1517861
-0.116256
-0.2879901
-0.5155354
-0.4381457
-0.3334321
0.001410714
0.8338565
1.584945
1.07249
0.3672972
0.2758065
0.3445711
0.2971587
-0.1561105
-0.3413861
-0.4538827
-0.654802
-0.6435491
-0.5146198
-0.5079109
-0.4989132
-0.2984942
0.06780641
0.4419345
0.8669801
0.8776465
0.4506267
0.2744465
0.2493405
0.1816097
0.1264054
-0.04565813
-0.2533738
-0.3268461
-0.4114263
-0.5033014
-0.6459331
-0.5290214
-0.124477
0.5177551
0.9015394
0.6131234
0.2993727
0.1558752
-0.02613336
-0.2300444
-0.288889
-0.3318236
-0.1084812
0.1785134
0.2577746
0.205299
0.1256983
0.06482393
-0.02729309
-0.1644778
-0.2883464
-0.3168001
-0.2211729
-0.2254149
-0.2150403
-0.07054896
0.09608249
0.1162022
0.03304889
-0.0006129772
-0.06796545
-0.001085916
0.03718465
0.05275919
0.105983
0.115924
0.1136322
0.09675346
-0.0342409
-0.1330237
-0.1104203
-0.07434174
0.001873829
0.05591562
0.1144628
0.1197985
0.1520164
0.2226229
0.277038
0.2740445
0.2398726
0.09904234
-0.1104584
-0.2115107
-0.2879198
-0.4512165
-0.4599752
-0.3443631
-0.251186
0.02881738
0.3963306
0.5647633
0.4407519
0.1895576
-0.03354076
0.04573478
0.05961607
-0.09268716
-0.04396063
-0.001969169
0.06775099
0.07675973
-0.008064378
-0.09931245
-0.1710041
-0.2242061
-0.2313389
-0.1485688
-0.1243499
-0.1273588
-0.1134622
-0.06836082
0.002239591
0.06590299
0.0931697
0.1241493
0.04571641
-0.0612662
-0.1746636
-0.2404658
-0.2493019
-0.2501607
-0.2091036
-0.2173176
-0.211274
-0.1806148
-0.1188853
-0.02347547
0.0675392
0.07830231
0.122039
0.2118418
0.2576736
0.2909144
0.3105209
0.3018378
0.2683981
0.2461081
0.2859708
0.3657338
0.4309781
0.3846366
0.2125912
0.06775329
-0.1700464
-0.4205614
-0.3656619
-0.1275164
-0.1013104
-0.05618966
-0.03349156
-0.01714194
0.05281582
0.01132023
0.04476098
-0.0247581
-0.1352006
-0.3197665
-0.5144039
-0.4928146
-0.2875232
-0.04644001
0.06902096
0.2024931
0.2353708
0.07536037
-0.01828274
-0.00592337
0.04050706
0.05419855
-0.00959528
-0.006819831
0.04376301
0.0554655
0.1532326
0.2609619
0.2116581
0.04181188
-0.1314535
-0.2387584
-0.1463954
0.03648655
0.08178069
0.117696
0.1335916
0.1401063
0.1722527
0.1453329
0.06966933
-0.06395066
-0.3271749
-0.4810082
-0.5029432
-0.475693
-0.1155524
0.1204297
0.2342821
0.3769659
0.3821617
0.2022001
0.06066085
0.1057336
0.1433961
0.1313071
0.07230519
0.02073501
-0.07563457
-0.1896716
-0.2688644
-0.2436561
-0.1403526
-0.02017512
0.10529
0.1554332
0.1016374
0.006755955
-0.01925915
0.04476218
0.005686998
-0.09584074
-0.08762974
0.004050917
0.08006437
0.09073869
0.09700657
0.1048137
0.1418937
0.1884271
0.2352022
0.1512461
0.04476725
-0.03142267
-0.2135631
-0.3026519
-0.2944715
-0.1952734
-0.09622432
-0.006836625
0.09003889
0.1305054
0.1238141
0.07932376
0.01793607
-0.06238689
-0.1124801
-0.1595419
-0.1068446
0.01085621
0.07354336
0.09189315
0.06590557
0.03719461
0.03523926
0.04931831
0.02896521
0.003128606
0.03407437
0.03962724
0.02717711
0.02231373
0.02269419
0.02879071
0.006646499
-0.08201091
-0.1909244
-0.2896533
-0.3089731
-0.1636232
-0.01391066
0.1175438
0.1815233
0.2063308
0.1677523
0.1386976
0.1482284
0.04694244
-0.07543921
-0.159829
-0.1078599
-0.04552267
-0.04177317
-0.0390049
-0.001013995
0.01129433
0.004876472
0.03886898
0.09299424
0.1552194
0.1212737
0.06894361
0.01677977
-0.0523997
-0.1243434
-0.134727
-0.04599416
0.02722142
0.05458903
0.0663088
0.07831217
0.03838628
-0.01585836
-0.03854624
-0.07442883
-0.1178156
-0.1411939
-0.06882807
0.004183516
0.07010711
0.1283073
0.103814
0.04378698
-0.01835755
-0.1010724
-0.1009918
-0.02006406
0.04185604
0.05941328
0.01199347
0.0004837665
-0.03202773
-0.03930035
-0.02886474
-0.07235756
-0.1213471
-0.1021885
-0.01683187
0.03967815
0.08617585
0.1043706
0.1116279
0.105615
0.04170684
-0.04104986
-0.1078343
-0.131534
-0.127963
-0.09180818
-0.01542651
0.02730739
0.0388354
0.07142031
0.09210183
0.08855933
0.09383171
0.07402839
0.02947579
0.003163857
-0.01877636
-0.04936005
-0.06753749
-0.0856017
-0.0810566
-0.0527098
-0.00699851
0.04564266
0.0673258
0.06432494
0.04501939
0.03068735
0.02217748
-0.002066912
-0.03326158
-0.0372447
-0.04838617
-0.06234489
-0.04037716
-0.007717794
0.01474259
0.02321163
0.03684189
0.05478878
0.06143202
0.05903603
0.0409963
-0.004312116
-0.05007035
-0.06571104
-0.04066903
0.005256457
0.01811049
0.01309004
-0.01260684
-0.03282222
-0.0306374
-0.01024556
0.0225923
0.02328691
0.0182889
0.005852031
-0.01389824
-0.02834145
-0.02341588
-0.01795481
-0.009259317
0.007188174
0.01691591
0.02468013
0.02405895
0.02799716
0.03600823
0.03908863
0.01577345
-0.001163649
-0.006777736
-0.02405756
-0.03414945
-0.03847324
-0.03938818
-0.01170334
0.01550617
0.0351636
0.03520032
0.01898129
0.009274962
-0.01249388
-0.03696369
-0.05308173
-0.04024503
0.00784592
0.0401075
0.03857341
0.05621328
0.05345215
0.04672728
0.03654666
0.0002785168
-0.02928313
-0.04548277
-0.0496107
-0.04903033
-0.05532373
-0.05290327
-0.02342222
0.01629352
0.04745962
0.04721074
0.03941284
0.0385999
0.03186382
0.0204898
0.01450342
0.0005080023
-0.008685258
-0.007949835
-0.02469416
-0.0334325
-0.03368953
-0.04027567
-0.01885158
0.008020317
0.009327958
0.0008364612
0.007759204
0.008097848
0.01213195
-0.0001845452
-0.0210568
-0.01613428
-0.001916492
0.01932807
0.0225217
0.02322346
0.01811123
0.01744109
0.0251217
0.03283698
0.03958327
0.0407012
0.0211172
0.00285105
-0.02190944
-0.03915865
-0.04411993
-0.02846496
0.008078588
0.01392013
-0.003333156
-0.0334721
-0.0614966
-0.06257881
-0.02789268
0.01723621
0.03087158
0.0296129
0.03851446
0.03723131
0.0129339
-0.02142989
-0.04463284
-0.03872396
-0.02423179
-0.02648088
-0.02099429
-0.01752935
0.002740109
0.02455588
0.02844414
0.01832472
0.01275452
0.0151699
0.01423762
0.01250568
0.002861594
-0.008311472
-0.009786378
-0.01144591
-0.00909887
-0.005775694
-0.01039424
-0.003703024
0.00194167
0.001085906
0.007545581
0.01980702
0.02352391
0.02918799
0.03386879
0.01829952
-0.009031361
-0.03049316
-0.03379182
-0.03064103
-0.02003811
-0.002624652
0.004846865
0.01606586
0.0236404
0.01956347
0.0274379
0.03594574
0.02998385
-0.0002397442
-0.03506456
-0.04592754
-0.03973918
-0.01653315
-0.006486126
-0.01330889
-0.01237862
-0.007668244
-0.004182884
0.007461457
0.02144058
0.0223535
0.0145189
0.001463943
-0.004672355
-0.005803514
-0.01219991
-0.02170323
-0.03239076
-0.03288442
-0.01821782
0.003154261
0.01522904
0.02648986
0.03275371
0.03600345
0.02630429
0.0005717609
-0.01874804
-0.03836873
-0.0494102
-0.03325236
0.008225961
0.03097607
0.03708487
0.03723177
0.01709904
0.004888645
0.00240803
-0.005795804
-0.0250085
-0.0500607
-0.06172437
-0.03942408
-0.003492516
0.009839929
0.005268316
0.003856662
0.01247365
0.02681998
0.02794812
0.01005939
-0.004713245
-0.01248663
-0.01780183
-0.01127381
0.006271243
0.01568383
0.01865206
0.02057377
0.01398765
0.00522588
0.005449288
0.008813275
0.01577582
0.02049744
0.02324942
0.02694184
0.02009359
0.003882764
-0.007088327
-0.01265444
-0.01890497
-0.02214549
-0.02697312
-0.03439053
-0.03885912
-0.03587151
-0.03249732
-0.01651695
0.0001090798
0.02208806
0.0421566
0.04355811
0.03592344
0.0101807
-0.02349456
-0.03465129
-0.03127099
-0.01945221
-0.003420847
0.002280982
0.01123253
0.007439181
-0.002762828
-0.005343399
0.0008837305
0.01322576
0.00991079
-0.00433858
-0.00863989
-0.01120108
0.004125469
0.02279965
0.02576788
0.02498965
0.01303835
-0.006197801
-0.009530112
-0.004913561
0.004498008
0.01812524
0.01375865
0.002412198
-0.009325933
-0.01833148
-0.02230028
-0.004818462
0.01833964
0.02356106
0.01936379
0.009179117
0.003939406
0.01517065
0.02359996
0.01237898
-0.001065614
-0.007721084
-0.005812635
-0.006414405
-0.008746096
-0.01283014
-0.01237519
0.002051713
0.01344412
0.01233847
0.00690598
0.00413263
0.001409258
0.001405208
0.003008677
0.006179886
0.007559974
0.008019004
0.004980452
0.003108782
0.00164919
-0.002980561
-0.008281473
-0.01711668
-0.02105998
-0.0186966
-0.01280302
-0.002761091
0.004054577
0.006404685
-0.0008515669
-0.01015088
-0.009975412
-0.006378864
-0.0003006561
0.003905851
0.0007979386
-0.001066594
-0.000370927
0.00140186
0.004779107
0.003586753
-0.006578539
-0.01277094
-0.01003833
-0.01111542
-0.007877913
-0.003631627
0.0003586382
0.009473385
0.00994873
0.0008942153
-0.002397299
-0.004071094
-0.005446029
-0.003681403
-0.0006193387
0.004565346
0.008368951
0.01324049
0.01749494
0.01949416
0.01555597
-0.002954969
-0.01930146
-0.0226144
-0.01313858
0.007527665
0.0194474
0.008185612
-0.01024883
-0.02113221
-0.02010402
0.0007346015
0.0134785
0.008651885
0.007068867
0.002811409
-0.0008024301
0.000685771
0.003422452
0.004918812
0.001587514
-0.001659126
-0.004377406
-0.008986767
-0.009128527
-0.007480187
-0.01563201
-0.02414593
-0.02743235
-0.02899293
-0.01044422
0.0116439
0.01710806
0.01995592
0.0236361
0.01832294
0.005980955
-0.001869968
-0.00910583
-0.008703935
0.001006482
0.0001170581
-0.008715105
-0.01185975
-0.01031036
-0.008594699
-0.003578325
0.00367797
0.006814484
0.008108879
0.009403272
0.009389006
0.00386368
0.001124993
0.0003161461
0.002747838
0.008300731
0.005284604
-0.001060805
-0.007613272
-0.009551261
-0.00441555
0.0006416205
0.004191231
0.002795882
0.002431751
0.0113333
0.02075505
0.02130586
0.01479929
-0.0005088623
-0.01266929
-0.01684516
-0.0175204
-0.01034571
-0.002421324
0.003933283
0.00661895
0.006228296
0.0007284629
0.0009753086
0.005517374
0.007891939
0.006527184
0.002415569
-0.0005679271
-0.001539983
-0.00399716
-0.007787476
-0.002908813
0.0003653897
0.004530052
0.008473375
0.006056995
0.003566157
0.003400918
0.005792819
0.01009212
0.0129879
0.0133194
0.007329959
0.001078379
0.0006530374
0.006206936
0.008500915
0.003951712
-0.00791803
-0.01561088
-0.01466432
-0.0112769
-0.001486944
0.005756071
0.01045725
0.0158561
0.01834592
0.01437709
0.004646286
-0.00517938
-0.0111525
-0.0127376
-0.0141503
-0.02115566
-0.02394538
-0.02773978
-0.02652701
-0.008980984
0.009221927
0.01860285
0.02548683
0.0241241
0.005807945
-0.008244606
-0.01092007
-0.01444317
-0.01683406
-0.01863845
-0.02122519
-0.01800098
-0.002554115
0.00727051
0.006425936
0.0048949
0.002718205
0.004527669
-0.0003999667
-0.003996503
-0.0016189
0.001976582
6.304479e-05
-0.005158353
-0.008722251
-0.00430975
0.00763137
0.01519771
0.01865753
0.01406649
0.007646589
-8.911194e-05
-0.006800733
-0.01034934
-0.008988678
-0.007569881
-0.002647384
0.006002192
0.009442629
0.007412804
0.0001615995
-0.002507766
-0.001053272
-0.002369097
-0.002050884
-0.00360335
-0.006048317
-0.005176245
-0.004653013
-0.002673222
0.00444839
0.01326423
0.01448819
0.01227374
0.004903191
0.00195026
0.005114268
0.006663617
0.005905725
0.001297332
-0.00072638
-0.005215433
-0.01050009
-0.008391781
-0.003725315
-0.002656391
-0.002030145
-0.007705461
-0.007382158
-0.002597374
-0.002206751
-0.001338768
-9.746062e-06
-0.0002403042
-0.002428243
-0.005556621
-0.008375941
-0.006829661
-0.006962301
-0.003189362
0.005081777
0.009434076
0.01359971
0.01055191
0.006334168
0.007016505
0.007750861
0.01033244
0.007742613
0.002938368
-0.0007754964
-0.002232102
-0.004405768
-0.003297075
-0.001662062
-0.001774309
-0.003062616
-0.004649784
0.003333707
0.0107256
0.01248811
0.01241666
0.007836809
0.005143958
0.0008752076
-0.007424583
-0.01080491
-0.01300919
-0.0140935
-0.01316841
-0.008651908
-0.0041915
-0.001159095
0.00280559
0.002996275
-0.00068598
0.0009133242
0.003814148
0.003204131
0.003156134
-0.0003404833
-0.01048546
-0.02300805
-0.02700448
-0.005775277
0.03374048
0.05309492
0.05323052
0.04690034
0.0286739
0.00619304
-0.01220884
-0.0278557
-0.03657881
-0.04359953
-0.05322737
-0.04905461
-0.006931741
0.04631525
0.04796249
0.03854579
0.0237445
0.004190013
0.003983906
0.005866759
0.009617231
-0.001642615
-0.01810141
-0.03009157
-0.03667676
-0.02783343
-0.007387599
0.01061941
0.02043786
0.02376503
0.01970433
0.01082415
-6.64638e-05
-0.0206736
-0.0310338
-0.02122046
-0.006430534
-0.001051128
0.0007184985
0.006245804
0.01118457
0.01055618
0.00573558
-0.001370836
-0.009455432
-0.01152917
-0.008444765
-0.0004664017
0.006100281
0.01004964
0.01207937
0.01425597
0.01371324
0.01068377
0.00305613
-0.00660233
-0.009313569
-0.009877711
-0.008228451
-0.005811131
-0.0008580924
0.0002893262
-0.0008511158
-0.001914038
-0.006515341
-0.009891624
-0.006062626
0.001013031
0.006515847
0.007914183
0.008702558
0.007503974
-0.001795451
-0.01031355
-0.013137
-0.009435507
-0.002227253
0.00482494
0.005591895
0.005152187
-0.0002018795
-0.004211586
-0.002986655
0.0009739177
0.00140427
-0.001696618
-0.005871567
-0.009727257
-0.005931925
0.001377305
0.005998835
0.005396946
0.008748575
0.009495125
0.005988274
-0.000338876
-0.006036687
-0.007562698
-0.00550749
-0.003908221
0.0001961667
0.003331555
0.003204982
0.001729969
-0.001404583
-0.002823496
-0.007439089
-0.01119074
-0.01347971
-0.01135311
-0.002796423
0.004574003
0.008259169
0.007206434
0.00718798
0.007415346
0.00286605
0.000320035
-0.00239122
-0.003018615
-0.002306751
-0.006446007
-0.006839822
-0.003126098
0.001831005
0.006767709
0.006116853
0.006522717
0.00582086
0.005388283
0.004510987
0.00382545
0.003959993
0.003964996
0.003081578
0.0009547816
-0.003066156
-0.008580373
-0.00864473
-0.007206628
-0.004189565
8.107653e-05
0.002595279
0.003834481
0.001121183
-0.002429535
-0.004561432
-0.00227367
0.001644051
0.0004760531
-0.001367185
-0.007015023
-0.007317041
-0.005393419
-0.005736237
-0.005060076
-0.004782734
-0.003134512
-0.00311217
-0.002674688
-0.0008051264
0.002304756
0.001913997
-0.001824401
-0.004648878
-0.006909296
-0.007377574
-0.004603272
-0.00336509
-0.002921488
-0.005501166
-0.008724463
-0.005886921
-0.001681558
0.002269824
0.007070866
0.00744511
0.01039384
0.01326503
0.0110138
0.009142003
0.005313846
0.00299019
-0.0006972062
-0.002664882
-0.002823078
-0.001398234
-0.00317517
-0.002675466
0.001130059
0.002552864
0.005780049
0.007551694
0.007777019
0.008267546
0.009481252
0.005818337
0.001759663
-0.00110255
-0.002496984
-0.0001775966
0.001668511
0.003519718
0.007130425
0.009925135
0.01042076
0.01051247
0.006921979
0.004363727
0.002537838
0.002503066
0.001839977
-0.000688693
0.0007320775
-0.0001390916
0.001841659
0.0007899511
-0.001324597
-0.001042145
-0.002139752
-0.0007128592
0.001896214
0.004046287
0.003267941
0.003517756
0.001985631
-0.001363114
-0.001921138
-0.002292502
-0.001877445
-0.002476268
-3.957109e-05
0.004004647
0.003734265
0.002026704
-0.002495037
-0.003552857
-0.002353417
-0.003396956
-0.003584715
-0.002286333
0.002325008
0.006351891
0.007082134
0.005590818
0.004444262
0.003574127
0.003196652
0.002235738
7.836503e-05
-0.0006173479
0.0004403199
-0.0009642918
-0.001959883
0.0009592866
0.004763817
0.007462667
0.008519319
0.007626751
0.004353503
-9.886311e-05
-0.004128949
-0.008457894
-0.01152306
-0.008625303
-0.004507626
-0.002092329
-0.001765991
-0.001288692
-0.001067412
-0.0005268717
-0.0004504304
0.0002329115
0.001307934
-0.002342702
-0.004951918
-0.004988693
-0.002069507
0.001714639
0.003753567
0.001795115
-0.002640915
-0.004050606
-0.001749535
-5.536319e-05
0.00172653
0.001399062
-0.002614683
-0.006106187
-0.008233953
-0.007399634
-0.004448816
-0.001707097
-0.0004331573
4.008362e-05
-0.001026874
-0.0002955717
-0.001819488
-0.002536583
-0.003463797
-0.004081951
-0.001214763
0.0001295664
0.0007935563
-0.003392553
-0.00623226
-0.005553988
-0.005308193
-0.007960218
-0.01058062
-0.009911524
-0.007221805
-0.003276466
-0.002033104
-0.002034142
-0.004727979
-0.003578454
-0.002146389
0.001318537
0.005790206
0.007524195
0.007736346
0.001791777
-0.002492229
-0.002595256
-0.00405182
-0.004849463
-0.004918825
-0.003808045
-0.001966945
-0.002835983
-0.0006949997
0.002061045
0.003654291
0.003165719
0.003464587
0.004024578
0.004726349
0.005190462
0.003957296
0.0009972721
0.0001853699
-0.0009692513
-0.002012691
-0.0009477893
-0.003299886
-0.002508341
-0.002797994
-0.001940148
-0.0001143178
0.000275353
0.001590166
0.001983919
0.001380115
-0.0006241476
0.0001878112
-0.001147328
-0.003044486
-0.002550762
-0.001238997
0.00048587
0.003271538
0.005107589
0.006072562
0.007370055
0.00802903
0.006191048
0.003538087
0.002237648
0.0001028509
-0.003354885
-0.001181198
0.0008619298
0.0003326197
-0.0005037085
0.0006306051
0.00406502
0.006714039
0.007077237
0.003372679
0.0008727418
-0.001493573
-0.001522046
-0.0005070571
0.001592194
0.004311607
0.003825162
0.003816079
0.003318418
0.0005930789
-4.579551e-07
-0.001159073
-0.001809725
-0.0004315961
-3.164458e-05
-0.000371191
-0.002976155
-0.006268597
-0.008296237
-0.006415235
-0.00138651
0.0004547163
0.001984845
0.002781596
-0.0007719503
-0.003358535
-0.003014656
-0.0003543564
0.002975066
0.004958091
0.005231598
0.002833728
-0.0004127802
-0.001850826
-0.002101589
-0.00253595
-0.004801209
-0.005741485
-0.003977738
-0.00163667
0.001392902
0.002288636
0.003278212
0.005339811
0.006453833
0.004385457
0.001319524
-0.001031387
-0.002111375
-0.003683001
-0.003281943
-0.003602024
-0.0008131414
0.002445963
0.003251971
0.003987602
0.002525136
0.003224052
0.00437789
0.004599451
0.003132916
0.001792863
0.0007924731
0.0006366459
0.001999601
0.00238234
0.002213261
0.000945646
0.001087673
0.001486743
0.0004272167
-0.002037867
-0.004683488
-0.003176686
-0.0009099808
0.0006264075
-0.002379261
-0.004811686
-0.00296929
0.002668531
0.004836314
0.002955722
0.004771611
0.003148065
0.0003688609
-0.002195119
-0.002432477
-0.001265291
0.0005220584
-0.0008128089
-0.005370873
-0.007765514
-0.004900011
0.001316195
0.002048883
0.001540236
0.000722532
0.0004291115
0.001239334
0.0005736206
5.071032e-05
-0.001540137
-0.0029484
-0.00393846
-0.003274076
-0.001394868
-0.0003612372
-0.0001915427
-0.001219325
0.0004079574
0.0004501628
-0.002348328
-0.001718595
0.0004850013
0.001554362
0.0005898456
-0.002961386
-0.006370835
-0.005219859
-0.0008548604
0.001386503
0.00102891
-0.00107288
-0.002533085
-0.003935147
-0.004325363
-0.003298798
-0.001587807
0.002451847
0.003443746
0.003660448
0.001170075
-0.001664034
-0.002954879
-0.00373164
-0.001773778
-0.001202091
-0.0004631193
0.001235676
0.002120515
0.0007868597
-0.0005600521
-0.0003891997
-0.0001714229
-0.0003483818
-0.0008466365
-0.002763707
-0.004647112
-0.005073954
-0.003733131
-0.001048963
0.000852868
0.005179244
0.007292225
0.00553227
0.00500448
0.001690054
-0.001639667
-0.002292902
-0.0005348545
-0.0004261416
-0.0005816041
-0.001211362
-0.005170394
-0.004461903
-0.001063667
0.004165474
0.00761778
0.006834031
0.002780166
-0.001247173
-0.001941148
-2.697738e-05
0.001376178
-0.000234762
-0.000510517
-0.001098387
0.0004282081
0.002410748
0.001527093
0.0006536437
0.0002177791
-0.001621601
-0.0002551148
0.002298656
0.005987692
0.009342173
0.007116239
0.001388651
-0.006405452
-0.01010119
-0.007249541
-0.0001750889
0.007639889
0.01044157
0.008907243
0.005290077
0.001734117
0.001111682
-0.001120306
-0.004917989
-0.007116308
-0.00625258
-0.004296427
-0.002169928
0.003071657
0.007844047
0.007844883
0.007548905
0.005175192
0.002406746
0.0004716447
-0.001525671
-0.00411356
-0.007552123
-0.00391698
-0.0002583724
0.001475502
0.002924803
0.002264749
0.003044941
0.002623896
0.0007030076
0.0002693868
-0.0009594228
-0.000983472
-0.001195405
-0.0008131551
0.0004736738
0.001866618
0.005214122
0.008582898
0.008864116
0.005662346
0.002119422
-0.0004692153
-0.003445564
-0.005023631
-0.003939861
-0.003026701
-0.001174864
-0.0007788811
0.0001962203
0.001966009
0.002797793
0.003951335
0.001619519
0.002069661
0.000433166
-0.003136075
-0.005069809
-0.00515291
-0.003377898
-0.00265409
-0.003134866
-0.004346971
-0.005153897
-0.00483908
-0.003847624
-0.003067856
-0.001729759
-0.0004423593
0.0008819616
-1.963151e-05
-0.0007804821
-0.00267369
-0.005117579
-0.004918144
-0.003835348
-0.002405158
-0.001827217
-0.001641719
-0.0008370285
-0.0002310378
0.001149793
0.002499743
0.002977553
0.003791006
0.002282902
-0.001147989
-0.001911033
-0.001873344
-0.0009401974
7.285861e-05
0.0004928842
0.0009932451
0.0008364407
0.001315958
0.001147104
0.0003597306
0.0001557837
0.001118056
0.000647946
0.0001940395
0.001184013
0.001423797
0.002056576
0.001991816
0.001355101
0.0004335738
0.0006194243
0.0008734077
0.0005143513
0.0007861744
-2.528865e-05
-0.0002432707
-0.000267046
-5.004085e-05
0.0007755387
0.0007808089
0.0006631592
0.0005604756
0.0008339855
0.00109273
0.0005158446
-0.0001815119
-0.0005864327
-0.0007849236
-0.0004854002
3.683014e-05
0.0002973123
0.0004587585
0.0004239351
0.0002463857
0.0002563831
9.653443e-05
-0.0002688089
-0.0002267957
-0.0003157602
-1.180686e-05
0.0001527025
0.0002383648
4.673426e-05
-0.0001827977
-0.0003809977
-0.0006576829
-0.0006682443
-0.0006185211
-0.0004169576
-0.0003478714
-0.0003355111
-0.0002871936
-0.0001650255
-9.663932e-06
-0.0002119719
-0.0004529513
-0.000481768
-0.0003746145
-0.0002659995
-0.0002567626
-0.0002169024
-0.0001850571
-0.00016223
-0.0001738802
-0.0001472864
-0.0001977457
-0.0003226774
-0.0004803313
-0.0004941415
-0.0004472441
-0.0003607183
-0.0001797499
-0.0001348009
-0.0001114343
-0.0001255822
-0.0001461936
-0.0001153143
-0.0001149418
-9.869798e-05
-7.653663e-05
-9.362545e-05
-8.151426e-05
-7.891513e-05
-6.790788e-05
-6.179571e-05
-6.985878e-05
-5.098474e-05
-2.957726e-05
-1.439456e-06
2.269763e-05
3.751198e-05
4.837816e-05
3.918613e-05
3.72812e-05
2.969757e-05
1.51031e-05
1.886963e-05
2.259995e-05
4.335075e-05
5.31018e-05
5.476051e-05
5.787122e-05
6.051029e-05
6.429018e-05
6.653647e-05
6.880663e-05
6.91807e-05
6.945203e-05
7.131962e-05
7.381256e-05
7.711974e-05
8.078808e-05
8.295795e-05
8.463093e-05
8.677551e-05
8.93836e-05
9.231499e-05
9.544895e-05
9.876022e-05
0.0001023515
0.0001061519
0.0001101056
0.00011418
0.0001183606
0.0001226815
0.0001272284
0.0001320392
0.0001371297
0.0001425152
0.0001482099
0.0001542257
