-0.006813959
-0.004967491
-0.0007975164
0.001635345
0.003801933
0.006420328
0.00377343
-0.0085319
-0.01839846
-0.01600773
-0.0003101427
0.03266926
0.05385435
0.04397835
-0.001780279
-0.04516949
-0.05068923
-0.02342009
0.01068912
0.03692387
0.06576469
0.06138813
0.01216824
-0.05036881
-0.06921625
-0.09104521
-0.09530572
-0.06090217
0.03755325
0.1013021
0.1627243
0.2115494
0.1492914
0.02559676
-0.2527504
-0.2887782
-0.1728954
-0.08238315
0.06358444
0.1057619
0.1271517
0.1266981
0.06309838
-0.03308736
-0.06462859
-0.02737496
-0.02210143
0.06052071
0.07563409
-0.02299479
-0.06124075
-0.02898741
-0.004140328
0.00742529
0.01086759
0.0004347839
0.01239094
0.005341394
0.0296262
0.08032388
0.04406346
-0.02716567
-0.09488705
-0.1026855
-0.06753285
-0.06961429
-0.03999825
0.01820427
0.08706677
0.1477009
0.1588996
0.06292087
-0.1009849
-0.1732058
-0.1303016
-0.04313851
0.03534228
0.05176421
0.03733416
-0.01285305
-0.02422521
-0.002260751
0.02618374
0.02103652
0.03157892
0.05093612
-0.007927455
-0.03049335
0.01104977
0.004448854
-0.0190127
-0.02173258
-0.006622902
0.03158974
0.05464107
0.07257402
0.03003929
-0.03585755
-0.02243005
-0.0001836588
0.01579174
0.02308691
-0.02534973
-0.08688117
-0.0862671
-0.05491331
-0.05425647
-0.02403903
0.0204084
0.007589941
0.009196289
0.04378023
0.06014897
0.07769069
0.1167789
0.1065102
0.02759556
-0.0994152
-0.1523913
-0.155361
-0.10715
-0.03061588
0.0158079
0.05706637
0.09105527
0.07589443
0.07556028
0.05975372
-0.06967576
-0.1070441
-0.1042807
-0.03643918
0.04103415
0.05366706
0.04004618
0.02623249
0.01040019
-0.02141145
0.005288163
0.02607175
0.02836679
0.03869533
-0.0200832
-0.06263559
-0.04953987
-0.02814137
0.01244228
0.03186193
0.01380166
-0.003603797
-0.005568518
-0.001581563
0.01657521
0.0382326
0.05966862
0.06593519
0.04922214
0.006340986
-0.03437372
-0.02274408
0.03757727
0.05690888
0.01920615
-0.01567937
-0.06753872
-0.09386853
-0.08258584
-0.08316578
-0.08623045
-0.1073951
-0.139591
-0.1529475
-0.1291159
-0.0820742
-0.04634943
0.09241676
0.203292
0.3145783
0.359331
0.3676045
0.3331011
0.3220792
0.3371763
0.3786904
0.4057093
0.4504313
0.480705
0.4820443
0.4914823
0.5952297
0.4775757
0.02880018
-0.1376424
-0.4341024
-0.8913441
-1.117397
-0.8307481
-0.7250742
-0.6536457
-0.5846174
-0.4775054
-0.4368075
-0.6180719
-0.5921397
-0.5263866
-0.232834
-0.04341922
0.1010614
0.1883558
0.3466941
0.1088869
-0.609375
-0.5134015
-0.171707
0.1505617
0.2210799
0.04397386
0.2322297
0.4111882
0.3182862
0.1570125
0.2831136
0.5930207
0.9351403
1.123655
0.7446991
-0.07823635
-1.28501
-1.176073
-0.1354693
0.138347
0.2275178
0.2749544
0.3923669
0.3017607
-0.01089347
-0.1776377
-0.3054954
-0.2131708
0.07604439
0.2291895
0.3187978
0.3382361
0.1846938
-0.308784
-0.7289279
-0.6356283
-0.3171351
0.03880933
0.1417877
0.1404363
0.09943351
0.07964362
-0.007474452
-0.003552432
0.02450686
-0.003246225
0.05577412
0.1098087
0.1822522
-0.01301549
-0.1739766
-0.1145544
0.1197346
0.3202717
0.2403924
-0.04938548
-0.2027016
-0.3390482
-0.2856176
-0.09900348
-0.2162301
-0.1260366
0.0176303
0.0167979
0.02183458
0.03426728
0.08652383
0.1208865
0.1461681
0.1706959
0.2415797
0.3369261
0.2229083
0.04639305
0.01664458
0.05504436
0.0005190639
-0.0047586
0.02595034
-0.00517617
-0.04203408
-0.08368395
-0.1309867
-0.1815024
-0.0956472
-0.03050819
0.04703603
0.06326499
-0.0734122
-0.1397125
-0.2014676
-0.2147647
-0.1086543
0.004904039
0.03903396
0.09756637
0.1734601
0.2616715
0.2886145
0.1725299
0.1010103
-0.05847113
-0.07375821
0.04036312
0.08766221
0.07269028
0.01768234
-0.03277233
-0.04254839
0.07009187
-0.02509288
-0.07771099
-0.01778129
-0.05706087
0.04355458
0.1233937
0.1307995
0.1788808
0.1699493
0.1187254
0.0254042
-0.08799063
-0.1538331
-0.1484694
-0.05175547
0.05149256
0.1124708
0.1829992
0.260683
0.2602969
0.1043323
0.05607772
0.07617837
0.06232425
0.01165935
-0.03497554
0.01618513
0.02845523
0.03870165
0.09251635
0.1094264
0.1463418
0.1504947
0.01985053
-0.07408485
-0.1527396
-0.2676961
-0.257363
-0.1611297
-0.1067601
-0.06702655
-0.05718205
-0.07843326
-0.1582866
-0.223304
-0.23251
-0.2239497
-0.2264023
-0.2917288
-0.3377853
-0.3814541
-0.4093578
-0.3406828
-0.1008405
0.05541166
0.1654334
0.3060388
0.3533805
0.4215027
0.3501899
0.2404516
0.3275926
0.4015574
0.34103
0.2218026
0.1580102
0.205561
-0.01880283
-0.2936149
-0.35459
-0.2265113
0.003328839
0.1547309
0.2665651
0.2643584
0.2028304
0.0855022
0.009103615
-0.06446652
-0.2589842
-0.4554551
-0.5033101
-0.4736724
-0.4832162
-0.444418
-0.3825872
-0.2441086
-0.1038152
-0.002952159
0.1168646
0.2396546
0.3759679
0.3403938
0.2839831
0.3326121
0.4944763
0.3689799
0.04751107
-0.01875484
-0.02681547
-0.04903268
-0.1851696
-0.3648013
-0.2902033
-0.2801946
-0.2674166
-0.1577682
-0.1663807
-0.1307996
-0.06840577
0.04830714
0.1310214
0.1293898
0.0764237
0.06332938
0.08892672
0.1637686
0.2244295
0.1420261
0.04276531
0.01628246
0.07400674
0.1484223
0.1745562
0.139439
0.04465392
-0.03048903
-0.06382218
-0.04959579
-0.06048079
-0.1031439
-0.1299919
-0.1631394
-0.1587457
-0.1647572
-0.1396586
-0.04567538
-0.04693666
-0.04990644
0.03098716
0.1113667
0.1320875
0.1479928
0.1649996
0.1056882
0.03644898
-0.004891139
-0.02073331
-0.02144888
0.001904504
0.04183084
0.04903762
0.115894
0.1166462
-0.01521991
-0.09454381
-0.1227473
-0.1649677
-0.161133
-0.1168279
-0.1177362
-0.12719
-0.128539
-0.08120538
-0.0001862774
0.07879078
0.153442
0.1875289
0.2183804
0.1987112
0.1354951
0.1074242
0.06728267
0.06627951
-0.05249081
-0.1816783
-0.2591377
-0.2823983
-0.1436461
-0.0757217
-0.07601901
-0.05021349
0.03833019
0.08285067
0.07459738
0.09600977
0.126235
0.1772039
0.2163744
0.1841318
0.09632876
0.03755896
-0.05134163
-0.1246138
-0.1463056
-0.1151664
-0.06246855
-0.0586542
-0.02623801
-0.03356817
-0.08046617
-0.06767987
-0.03478531
-0.01431127
0.03595799
0.07152497
0.07468757
0.09698945
0.1013087
0.09989767
0.08291223
0.04095004
-0.0391938
-0.1310922
-0.1363129
-0.07263671
-0.02585173
0.02405545
0.1080409
0.07576563
-0.02285754
-0.1154932
-0.08703872
-0.02688256
0.01116715
0.0861113
0.1074697
0.06886338
0.004159328
-0.02184287
-0.02561109
-0.005737767
-0.03296905
-0.05683637
-0.04620729
-0.009432554
0.04740763
0.05722582
0.03257617
0.02464024
0.02949207
0.03247014
0.04106434
0.04233291
0.02392058
0.00286543
-0.004339134
-0.01346028
-0.02787623
-0.06983831
-0.117289
-0.08940045
-0.04370372
-0.02829997
-0.02542896
-0.02747842
-0.01790905
0.02192372
0.07816217
0.1228848
0.1340771
0.08673141
0.0242837
-0.01934808
0.0004417108
0.0002915216
-0.03582183
-0.050915
-0.01916366
0.04423317
0.07488496
0.05093207
-0.0003231602
-0.03726064
-0.05313411
-0.05082403
-0.03077921
-0.01339045
0.0006598316
0.02828938
0.04328012
0.04822079
0.0359449
0.002283683
-0.03086549
-0.06390042
-0.08681796
-0.06906709
-0.02000425
0.02591087
0.05481749
0.04800169
0.04026685
0.04813599
0.04602034
0.03061206
0.00474369
-0.02133072
-0.05063037
-0.07267782
-0.07470472
-0.05067161
-0.01818169
-0.001710867
0.01043822
0.02687232
0.02015652
-0.004030865
-0.01265305
-0.01152505
-0.01261248
-0.01140186
0.0004738942
0.02763741
0.03830344
-0.01195919
-0.05642926
-0.05314087
-0.02027861
0.002691702
0.006981735
0.02546201
0.04312629
0.04940125
0.01820651
-0.05475823
-0.08588361
-0.08831638
-0.07738
-0.04024187
-0.0342739
-0.01250512
0.0353114
0.05725971
0.05175473
0.04299084
0.03887306
0.0597922
0.06451986
0.01633095
-0.03707526
-0.04821981
-0.0263541
-0.01654173
-0.01221593
-0.02217013
-0.02152754
-0.01582167
0.006315381
0.03980606
0.04870758
0.062397
0.06820999
0.05508055
0.04514168
0.004671144
-0.03617474
-0.03225691
0.0005371243
0.01450502
0.02137781
0.03489691
0.03010395
0.0175947
-0.003616166
-0.01367945
-0.01769005
-0.01846215
-0.01100285
0.001998109
0.008986176
0.006521904
-0.009878624
-0.04262261
-0.06549299
-0.07861932
-0.06824993
-0.02100041
0.005480894
0.02298212
0.03603411
0.04147282
0.04575384
0.01707253
-0.000902842
-0.0004223398
-0.02130063
-0.05643546
-0.07736475
-0.05200746
0.006887425
0.04986726
0.05643718
0.03703891
0.02420538
0.005683307
-0.004826666
0.0104714
0.03051962
0.03788311
0.03835855
0.01635726
-0.01679465
-0.0263295
-0.01126703
-0.000115246
-0.004823437
-0.004483647
-0.001026735
0.02237424
0.03424003
0.02265297
0.01943093
-0.001794102
-0.02910241
-0.03663191
-0.02389197
0.01238653
0.02844556
0.02662808
0.01818977
0.01219232
0.001443729
-0.01249543
-0.02080214
-0.02272468
-0.02036933
-0.02651263
-0.01643179
-0.008922379
-0.0009274443
0.01319361
0.01292961
0.009642331
0.01220067
0.02000896
0.0185485
0.008556768
-0.001905184
-0.009304073
-0.02919796
-0.04269645
-0.04126621
-0.02162999
0.01098165
0.0188287
0.02521105
0.04218201
0.05067575
0.0375761
0.007496506
-0.02469856
-0.03903751
-0.04222276
-0.03121981
-0.01832986
-0.006297719
0.01042846
0.01406804
0.008197142
-0.002283136
-0.001405713
0.004268772
0.002899138
-0.002963594
0.005625035
0.02063559
0.02433841
0.01049521
-0.004688275
-0.02447604
-0.04783482
-0.03456133
-0.0115611
0.005648573
0.02684136
0.03091956
0.02646444
0.005459827
-0.008442526
-0.003836979
0.003245128
0.01042516
0.001844149
-0.003757439
-0.008199288
-0.01569705
-0.01587428
-0.01368918
-0.002976886
0.01098513
0.02211869
0.03221083
0.03096975
0.02421863
0.01216861
-0.002033602
-0.009340618
-0.01709439
-0.02580901
-0.03512542
-0.03980287
-0.03345107
-0.02634242
-0.02025275
-0.01255862
-0.006979963
-0.00704599
-0.005050597
0.008623795
0.02144139
0.03026772
0.03463666
0.04663723
0.06324617
0.04857681
0.01335853
-0.009207671
-0.02372301
-0.03083009
-0.03262093
-0.02876607
-0.01335868
-9.228446e-05
0.007078598
0.01002771
-0.01238754
-0.04184281
-0.05039625
-0.04004092
-0.02112677
-0.008869149
0.003188557
0.006118284
0.003669551
0.001285079
-0.005798534
-0.005752345
0.003235163
0.007752011
0.006106021
-0.0004614694
0.0047092
0.01359165
0.01388468
-0.00212801
-0.02300202
-0.02894016
-0.02843497
-0.01947603
0.004267825
0.02908064
0.03818137
0.0337569
0.02374691
0.01699582
-0.01641603
-0.0434131
-0.0330445
-0.01946597
-0.006517797
0.0005021349
-0.000348253
0.001009659
-0.005156967
-0.004706857
0.006469575
0.009639007
0.009731098
0.01030463
0.0151387
0.003494673
-0.01916841
-0.01450366
0.004660386
0.01076435
0.001609127
-0.01078052
-0.01117803
-0.007051841
-0.007754332
-0.01018062
-0.01298941
-0.01611339
-0.01544194
-0.006173927
0.007359721
0.01403081
0.01606293
0.01684862
0.01518427
0.01203479
0.01316933
0.01820229
0.01914812
0.01221852
0.004392342
-0.009069334
-0.02133047
-0.02469211
-0.0153272
0.01085444
0.0293106
0.0329992
0.02402246
0.0115869
-0.001080202
-0.008425964
-0.008846945
-0.01020836
-0.00959711
-0.003510494
0.004060222
0.01493472
0.01826121
0.01028406
0.001656158
0.00025393
0.003940482
0.008057473
0.01044658
0.003753612
-0.005442439
-0.00202313
0.008098598
0.01120374
0.007139308
0.005634053
0.008977879
0.0008701615
-0.01157765
-0.0121792
-0.003763934
0.005344926
0.019157
0.0299815
0.02563657
0.008739498
-0.006386846
-0.001331472
0.009488942
0.01247575
0.0138173
0.009577418
0.008815728
0.003762896
-0.008135156
-0.01284221
-0.01307962
-0.01247859
-0.007544614
-0.002214872
-0.00715143
-0.0111965
-0.006198269
0.0005482486
0.003593186
-0.002883577
-0.009593922
-0.006289908
-0.001131535
-0.005384703
-0.01841395
-0.02323526
-0.02482726
-0.0218323
-0.01445748
-0.008645297
0.003876447
0.01448875
0.02458085
0.02646195
0.02573082
0.01738235
-0.006326316
-0.01791228
-0.01279166
-0.002418055
-6.776375e-05
-0.006754673
-0.01212681
-0.01431042
-0.01407969
-0.01157743
-0.007387064
-0.002331742
0.0001103388
0.004029378
0.009213216
0.01172363
0.01008672
0.002129902
-0.008236166
-0.01715893
-0.0106899
0.003310802
0.00868231
0.003818115
0.001459039
0.001316421
0.001803142
0.009760342
0.02016146
0.02468635
0.01712527
0.0134004
0.01471535
0.008101848
-0.003595343
-0.009549935
-0.01064116
-0.009492484
-0.005326641
-0.0008333804
0.004223939
0.003037838
0.003328694
0.00370625
0.0003954838
-0.005473444
-0.01080891
-0.01012027
-0.009648878
-0.007311911
-0.004727087
-0.004094545
-0.006258844
-0.003887205
-0.0003109467
-0.00278941
-0.002818856
0.0008389966
0.006908128
0.008900317
0.006135225
0.001672852
-0.009682684
-0.01887276
-0.01837998
-0.01311156
-0.008211363
0.003617693
0.01892903
0.02248078
0.009140312
0.0009120809
-0.009518331
-0.01701319
-0.004382421
0.01371146
0.02166654
0.01434508
0.002620279
-0.0107559
-0.01886175
-0.01937676
-0.00587187
0.007066918
0.01028816
0.01050245
0.006149173
0.006563376
0.008488195
0.0115646
0.01534479
0.01145357
0.01007766
0.004853288
-0.01012432
-0.02009577
-0.01641657
-0.005810546
0.006446856
0.01091452
0.01128789
0.01039035
0.01094018
0.009004278
-0.00235235
-0.01704642
-0.01980139
-0.008424268
-0.002545964
0.002952898
0.005976219
0.005482577
-0.002625366
-0.003344431
0.001701541
0.0004255529
-0.005234398
-0.00735903
-0.0008116244
0.001419139
-0.003409519
-0.02139107
-0.01703974
-0.004279523
0.007480071
0.02006383
0.02125315
0.01075838
-0.005082207
-0.01837076
-0.01789747
-0.006016516
0.001995584
0.006671262
0.002071059
-0.003808226
-0.009331535
-0.005671782
0.001358047
0.005901114
0.005301338
0.002784983
-0.0002260752
-0.003540075
-0.004546837
0.0002297994
0.007342233
0.007027026
0.005556157
0.008015347
0.005487753
-0.003938101
-0.004052377
0.005068424
0.007787704
0.003397583
0.001397319
0.001359534
-0.004707473
-0.003812982
0.001977506
0.002705734
-0.0001890803
-0.004621037
-0.004855695
-0.006504074
-0.007484355
-0.004907899
-0.001109485
0.002334988
0.00707894
0.01435759
0.0174267
0.01340374
0.007591706
0.00315565
-0.00218719
-0.01179975
-0.01892657
-0.0144203
-0.007277324
-0.003211693
-0.001620583
0.001759606
0.006293412
0.003717817
0.00213162
0.001537882
0.003292182
0.004220279
0.004106956
0.00746877
0.005320544
0.004905295
0.002068564
-0.004807368
-0.01514824
-0.02030242
-0.004757734
0.01702832
0.02562783
0.02554712
0.01063766
-0.03596117
-0.06790565
-0.06528948
-0.05265895
-0.04516718
-0.02188582
0.01761661
0.04897943
0.05419863
0.03939728
0.03141257
0.03149811
0.02654994
-0.01037522
-0.03789803
-0.02388848
-0.02429051
-0.02485473
-0.01430705
-0.009067476
0.002469587
0.01240627
0.02373933
0.02574142
0.02369106
0.0228647
0.02788905
0.01465846
-0.01281133
-0.01560426
-0.01312073
-0.01332286
-0.01735918
-0.01180443
0.005806707
0.01183676
0.007136426
0.008387784
0.01232276
0.01206451
0.001692967
-0.0105972
-0.01407559
-0.01539872
-0.01464208
-0.01075913
-0.001601761
0.008017663
0.008636606
0.001230186
-0.006430214
-0.01100512
-0.01202939
-0.008458582
-0.004001388
0.003703486
0.007665978
0.003945829
-0.0006127619
-0.003984074
-0.004467767
-0.001664001
0.006019444
0.01235036
0.01691261
0.01571695
0.008895991
-0.00580141
-0.01662281
-0.01690354
-0.01522484
-0.01258326
-0.01087805
-0.004604262
0.004136909
0.005457579
0.005964287
0.005862055
0.003541322
0.002589427
0.002497391
0.001216035
0.0007567974
0.001045219
0.0002932392
0.0009998587
0.005049017
0.008562674
0.007781111
0.006588487
0.004038241
0.002531455
-0.0002554322
-0.00202232
-0.0004170894
0.001654281
0.00307489
0.005657278
0.008208045
0.01013151
0.006074718
0.001152963
-0.003715752
-0.006923908
-0.001117306
0.005252335
0.008738437
0.01286305
0.0125874
0.01325319
0.01590494
0.01283651
0.003071788
-0.007426315
-0.01129952
-0.01351522
-0.01346347
-0.0106822
-0.004197304
-0.002474791
0.0001432802
0.006483331
0.01083948
0.006191071
-0.002774998
-0.008588249
-0.008769061
-0.007559613
-0.009938525
-0.008663799
-0.009632053
-0.009534406
-0.00627272
-0.002845794
0.0006290703
0.001265275
-4.672119e-05
-0.0002458975
0.001135926
0.002951248
-0.0004905085
-0.004431046
-0.002932944
0.0004103375
0.003288499
0.0046948
0.002209801
-0.0006515783
-0.000412158
0.002735282
0.001183582
-0.004378758
-0.007741977
-0.008529699
-0.004811059
-0.00106998
0.005371039
0.005488058
0.005148117
0.008096655
0.004408054
-0.004172467
-0.01005203
-0.00918531
-0.00764539
-0.003397372
0.001962447
0.005138446
0.003571444
0.004788023
0.007048062
0.005801341
0.00624476
0.0051694
0.001428779
-0.0008563015
-0.0001578817
-0.0001020618
-0.001754741
-0.001518381
-0.0008842207
0.00059144
0.002927981
0.007499342
0.01105682
0.009990646
0.009520149
0.01104477
0.01033763
0.007534396
0.005850101
0.004269845
0.001507409
0.001057314
-0.001417481
-0.004227855
-0.003965989
-0.001835482
0.0001777252
4.383293e-05
0.001006441
0.00190173
0.00190758
-0.0003672907
-0.00323376
-0.001971269
-0.001399317
-0.002606245
-0.001585491
-0.0003250381
-0.0006435438
0.0003027513
0.001928367
0.0005235637
-0.003109939
-0.007105541
-0.007369982
-0.008729904
-0.008242602
-0.005888701
-0.004400778
-0.002825135
-0.0005722118
0.002222333
0.002666799
0.000198145
-0.002010407
-0.003377458
-0.003526629
-0.002273299
-0.003888208
-0.005883575
-0.006298962
-0.005152727
-0.001457511
0.003530045
0.007637344
0.006642601
0.005511181
0.004663323
0.0001006247
-0.001877392
-0.001879667
-0.001995161
-0.004301614
-0.004589486
-0.006016696
-0.007688704
-0.005815193
-0.002587119
-0.001150165
-0.0001212087
0.001730889
0.001578688
0.0004319879
-0.00348197
-0.006212728
-0.008215203
-0.009346597
-0.007142589
-0.00603304
-0.00517747
-0.001696418
0.002152856
0.00579405
0.008168407
0.004919505
0.002721205
0.0005586065
-0.00427741
-0.007465106
-0.006776799
-0.001525012
0.001970338
0.00606341
0.006054043
0.004768658
0.003034475
0.002607933
0.002222193
0.001989455
0.005314479
0.007130924
0.006986932
0.005677082
0.006151213
0.002815646
-0.0005576579
-0.002518261
-0.003353801
-0.0006356605
0.002358902
0.006010347
0.008699935
0.007163664
0.004391155
0.002849788
0.001560364
-0.001239679
-0.005094399
-0.005294457
-0.003151574
-0.003279208
-0.002380719
-0.0001796889
0.002307964
0.004739518
0.006187795
0.005648095
0.002551257
0.002361421
0.002376607
0.003505635
0.002758887
0.0007534597
0.003350276
0.004219214
0.001060174
-0.002160063
-0.004990658
-0.00853117
-0.008947419
-0.005103127
0.0005924682
0.0004363259
-0.002439134
-0.0005042711
0.0002331144
-0.001750857
9.323286e-05
0.002375926
0.002885862
0.00149452
0.002210502
0.002253285
0.001445391
-0.0004967395
-0.003460908
-0.004030113
-0.003889396
-0.001582196
9.668706e-05
-0.002213647
-0.003785498
-0.004127228
-0.002576853
0.001476604
0.004828303
0.004870106
0.002306832
0.00299226
0.002285391
0.002657685
0.004455943
0.004490623
-0.0004573935
-0.0003768073
-0.000174838
-0.002589166
-0.00522891
-0.004383312
-0.00477293
-0.005915306
-0.002204518
-0.002613508
-0.001300734
-0.0004438972
0.003336263
0.004022766
0.001752292
-0.0008965977
-0.003332304
-0.004534829
-0.001273829
0.003103053
0.003295899
0.001436508
-0.001952879
-0.002281244
-0.000521665
0.002195697
0.002982203
0.0004853319
-0.002968295
-0.00401982
-0.005697621
-0.007580438
-0.005713733
-0.005095503
-0.00124591
0.003313606
0.004761106
0.003478069
0.001532036
0.000769206
-0.0007831002
-0.001744823
-0.002339343
-0.002945077
-0.003942489
-0.005258138
-0.002519283
0.0002715954
0.003485777
0.004822143
0.004859033
0.004374706
0.001985023
0.001016204
-3.523206e-05
0.0009135559
0.001885807
0.001983923
0.001598562
-0.001579555
-0.003804989
-0.004480019
-0.003890245
0.001819933
0.004502755
0.00478144
0.002194949
5.726248e-05
-0.001194041
0.00028112
0.002991505
0.001800393
-0.001731615
-0.003064498
-0.001731099
-0.001747154
-0.0001148866
-0.0009020549
-0.0001806391
0.0003214805
0.000326864
-0.001915829
-0.004615477
-0.005044601
-0.003897822
7.041372e-06
0.0008457888
0.0003779202
-0.001747444
-0.003862604
-0.006719301
-0.007389114
-0.005199863
-0.003918407
-2.880699e-05
0.005261257
0.005907264
0.004115477
0.006579132
0.006321432
5.797682e-05
-0.0005271349
0.006786637
0.005537514
-0.0006351452
-0.00588062
-0.007808031
-0.006906978
-0.002641961
0.00683016
0.0105097
0.008777136
0.00759231
0.007679428
0.00436995
0.002482357
0.003766968
0.002219042
0.0004712017
0.001333545
-0.002109527
-0.002667015
0.00111254
0.002209501
0.002611845
0.003628234
0.005900247
0.004243224
0.004911806
0.007045111
0.006345882
0.001047476
-0.0002423254
0.0001457776
-0.002629135
-0.005717184
-0.005880888
-0.005071508
-0.007433303
-0.004799135
0.001231638
0.004919475
0.003764356
0.003351801
0.001296032
-0.004035973
-0.007022995
-0.007546713
-0.007180985
-0.005573913
-0.003755697
-0.002328137
-0.004762293
-0.006897584
-0.006998991
-0.004909433
-0.002006932
-0.000139726
0.0008309042
-0.0003221011
-0.0008141421
6.980108e-05
0.0005692085
-0.0007010795
-0.001762263
-0.002080883
-0.002028218
-0.002857849
-0.001537316
0.0008583017
0.0003091837
0.001635849
0.002732
0.001469915
-0.001437426
-0.002793342
-0.003616814
-0.003036763
-0.003239046
-0.0003109463
0.001524738
0.004426327
0.004860541
0.001137238
-0.00170172
-0.006438894
-0.004723544
-0.00085191
0.004828188
0.005382792
0.005092838
0.00252727
-0.0009226347
-0.003555515
-0.003680211
-0.002347323
-0.001902851
-0.0004383745
0.0001917459
0.0001496907
0.00271374
0.005630712
0.00321513
0.0007159108
-0.0003104237
0.0003503257
-0.00157972
-0.003391443
-0.002374701
-0.002223935
-0.001572346
0.003596829
0.006670926
0.00566911
0.001778654
-0.003666275
-0.008052441
-0.009674403
-0.003701441
0.003681165
0.008311816
0.01137983
0.008606306
0.002335208
-0.002165166
-0.004505176
-0.004214602
-0.002914225
0.0008943361
0.004338762
0.00451817
0.002084343
-0.001039
-0.0001231399
0.002211544
0.002357312
0.001633024
0.00113008
0.001321759
-0.0002123984
0.0004566483
0.001352138
0.001901852
0.00140505
0.002111851
0.003493896
0.003193964
0.004188294
0.003757742
0.003673061
0.002228998
0.001830602
0.00106977
-0.0006473067
-0.001183883
-0.00220289
-0.002832481
-0.002416216
-0.002417117
-0.001880393
-0.002963463
-0.003154078
-0.001088636
0.001627407
0.003915283
0.003641361
0.002983423
0.003371191
0.0006359856
-0.001915556
-0.002267037
-0.002393307
-0.001920538
-0.001497069
-6.410969e-05
-0.0002791289
-0.002374045
-0.001529972
-0.000787869
0.001459169
0.004304877
0.005757898
0.006320187
0.0047796
0.003379827
0.001779147
-0.001339671
-0.003638487
-0.003627727
-0.003130828
-0.0008956369
0.001255698
0.0001473063
-0.0006269485
0.002258284
0.003714362
0.0055695
0.005409848
0.003236462
3.758697e-05
-0.003249367
-0.003132036
-0.00258959
-0.002221535
-0.0008169737
0.0004255303
-0.0004052874
9.028932e-06
0.0006485367
0.0001767276
-0.0002391617
-0.0002013005
3.938132e-05
-0.0004110848
-0.0008550097
-0.001561842
-0.00169482
-0.001378611
-0.0002568251
0.0007546543
6.515718e-05
0.0006404937
0.0001554051
-0.000648596
-0.0005183885
-0.0008986531
-0.0003373839
-0.001196416
-0.0009904287
-0.0001929069
-0.000204193
0.0002165397
-5.439662e-05
-0.0004068365
-0.001517743
-0.002238377
-0.002200932
-0.002741064
-0.002184979
-0.0008145816
0.000270629
0.0007589313
0.0005939969
-2.948486e-05
-0.001075546
-0.001607706
-0.001799824
-0.00219664
-0.002061845
-0.001385655
-0.0007415931
-0.0001547027
-3.953994e-05
-5.879569e-06
5.27504e-05
-0.0002426246
-0.0004142367
-0.000593843
-0.0006218093
-0.0006641098
-0.0007950907
-0.0005492939
-0.0002477352
4.822283e-05
0.0002952992
0.0004618843
0.0001586367
-0.0001683294
-0.0002717707
-0.0003401559
-0.0002191067
-2.409166e-05
-4.898543e-05
-0.0001516758
-0.000139131
-0.0001126557
-0.0001584506
-0.0002953354
-0.0001833012
-0.0001618879
-0.0001498867
3.91203e-05
0.0001667089
0.0002420988
0.0002451798
0.0002662747
0.0001964452
0.0001137765
1.753298e-05
2.738367e-05
5.493495e-05
0.0001049674
0.0001023685
9.107424e-05
0.0001426196
0.000160398
0.0001806535
0.0001529171
0.0001498051
0.0001413885
0.0001566059
0.0001964301
0.0002056503
0.0001794711
0.0001357159
0.0001227684
0.0001121802
0.0001225575
0.0001411082
0.0001391202
0.0001288484
0.0001276694
0.0001219603
0.0001032771
9.145353e-05
8.49188e-05
7.802359e-05
7.499751e-05
7.345518e-05
7.234153e-05
7.22577e-05
7.025638e-05
6.857309e-05
6.305772e-05
5.820057e-05
5.404781e-05
5.238277e-05
5.280449e-05
5.329715e-05
5.426535e-05
5.480106e-05
5.543048e-05
5.685453e-05
5.845468e-05
6.011782e-05
6.206132e-05
6.439099e-05
6.700347e-05
6.995885e-05
7.335752e-05
7.707079e-05
8.109825e-05
8.541508e-05
8.999435e-05
9.483499e-05
9.99435e-05
0.0001053314
