0.0004632729
0.0008484428
0.002760223
0.00478999
0.007498742
0.009020896
0.007601026
0.006192031
0.005151927
0.002987431
0.0004268198
-0.0008326301
-0.0002513417
0.002765342
0.003124556
0.0019534
-0.001529451
-0.005332959
-0.005814709
-0.005425763
-0.003199163
-0.008036456
-0.01658898
-0.02794078
-0.04068834
-0.04749888
-0.04969434
-0.04099761
-0.03832644
-0.0394001
-0.04205519
-0.04449853
-0.05331221
-0.06864919
-0.07015644
-0.0662418
-0.04377685
-0.00673757
0.03487802
0.05049335
0.05563999
0.06836068
0.07193765
0.05283344
0.0334748
0.04059284
0.04403435
0.03520989
0.00479665
-0.02162375
-0.04990716
-0.08446406
-0.09626421
-0.09153267
-0.09042467
-0.0824597
-0.06981139
-0.06296532
-0.03397965
-0.01708147
-0.01164961
-0.01044923
-0.005605916
0.01453791
0.01724125
0.03175263
0.08136371
0.09843525
0.0912058
0.1004294
0.1098821
0.100869
0.07630764
0.06744861
0.05422751
0.02541314
-0.03408033
-0.0997127
-0.1165182
-0.08813627
-0.01287159
0.04400906
0.06674262
0.07811893
0.07285236
0.06474961
0.06053861
0.0714261
0.07542189
0.04859882
0.01696484
0.009829659
0.01693003
0.0444288
0.07797047
0.1042237
0.08497811
0.0211447
0.009942694
-0.001158931
-0.03701249
-0.01218685
0.03251287
0.03919046
0.05388973
0.06892397
0.06367794
0.06073037
0.06140012
0.06149497
0.04893508
0.05194179
0.07423199
0.08484357
0.08173145
0.06941519
0.06018381
0.06346718
0.08321984
0.08970064
0.07842257
0.06951433
0.06997107
0.08142176
0.08594391
0.07304279
0.02897185
-0.007107042
-0.08743625
-0.1951592
-0.3008653
-0.3051362
-0.2344765
-0.09120876
0.04474592
0.1386228
0.1872233
0.02656302
-0.09798796
-0.1757226
-0.1692346
-0.1694987
-0.1424498
-0.2378231
-0.2483362
-0.4876134
-0.5040103
-1.018501
-0.05360755
1.038727
0.3301904
0.1733157
0.07085917
-0.1351964
-0.2907411
-0.1314597
-0.01304818
0.02580967
-0.1046501
-0.1771727
-0.2509137
0.0720193
0.2309275
0.1613876
0.1334354
0.02806237
-0.01544937
-0.0126702
0.151864
0.1830037
-0.03972913
-0.04664806
-0.02148059
-0.1171482
-0.1735006
0.005019519
0.1050469
-0.09881112
-0.1426706
-0.05937564
-0.0465012
-0.01701787
0.0918768
0.1597218
0.2726541
0.3249017
0.3022479
0.20705
0.008481351
-0.08940998
-0.05991329
-0.06378769
-0.1120798
-0.213119
-0.2414707
-0.1323924
-0.01713892
0.04193424
0.05557479
0.08955742
0.05190871
-0.01736386
-0.02211713
0.0250427
0.1178406
0.198872
0.2784225
0.2487242
0.1818398
0.1496367
0.03615922
0.007714195
-0.0776548
-0.2254302
-0.2470662
-0.1679208
-0.1380056
-0.06280217
0.1216027
0.08125779
0.09157855
0.01052484
-0.1210595
-0.1096856
-0.0699442
0.02144808
0.09303723
0.1725519
0.1792837
0.08917588
-0.02533327
0.07935777
0.2140186
0.2491277
0.1165651
-0.08349874
-0.184754
-0.227757
-0.1852297
-0.1466833
-0.1215825
-0.07719018
-0.01018026
0.003802053
0.001831722
0.03984044
0.0782114
0.0008165928
-0.1113855
0.005980747
0.09281759
0.1057882
0.02947837
-0.05823595
-0.1637736
-0.1727426
-0.04469901
-0.06859853
-0.01656504
0.04920391
0.09390693
0.1130009
-0.008134549
-0.1329439
-0.144471
-0.06141737
0.05452624
0.1712177
0.2146385
0.0887048
0.0171117
0.01367817
-0.001831012
-0.05674778
-0.1419799
-0.1850246
-0.1834779
-0.09257814
0.1126648
0.2842917
0.1972784
-0.01095069
-0.06283402
-0.04974632
-0.05531636
-0.05715614
-0.02668734
0.02092063
0.04235447
0.02775895
0.01561459
0.008945672
0.0216487
-0.01549457
-0.2065129
-0.1724243
-0.01502779
0.07096268
0.01832096
-0.0300326
-0.01675869
-0.04177856
-0.04739182
-0.05158823
-0.05421273
-0.03865464
0.003557156
0.003989829
0.05047659
0.07457036
0.08157819
0.07770982
0.08209638
0.04591456
-0.05745663
-0.07130133
-0.09086102
-0.1915667
-0.1466826
0.01078188
0.09855297
-0.002526827
-0.1066472
-0.08925896
-0.02379705
0.0408734
0.05293129
0.04983816
0.04529975
0.09384016
0.06494629
-0.02764242
-0.02512833
0.06920009
0.2108678
0.1901087
0.0602423
0.07500074
-0.01622388
-0.118951
0.03042312
0.172543
0.2648401
0.2866399
0.1617484
-0.01639828
-0.08770908
-0.09852157
-0.1426217
-0.09487392
-0.02174336
0.03656868
0.07090361
0.1450257
0.1632366
0.1326037
0.1025789
-0.01095439
-0.09129681
-0.1570562
-0.2447038
-0.1832457
0.0445641
0.1731189
0.132984
0.01355845
0.02540081
0.09018631
0.131366
0.0122659
-0.1229348
-0.04303998
-0.05238491
-0.07751124
-0.06996594
0.006982223
0.0519075
0.0487592
-0.01097564
-0.02160459
0.01137965
-0.00396677
-0.04408998
-0.0816744
-0.07632496
-0.07499227
-0.04918059
-0.01635537
0.06044411
0.1042375
0.06953257
0.005097785
-0.01810145
-0.03854054
-0.08524668
-0.08785821
-0.08496682
-0.05612457
0.01646547
0.05735494
0.06133164
0.04954934
0.03517524
0.02534932
0.01626494
0.04022959
0.06946763
0.05121345
0.02184131
0.008823826
0.01052393
0.02897957
0.03205666
0.02314265
0.005144509
-0.04850977
-0.08633672
-0.1068584
-0.08012438
0.004468049
0.07780477
0.08423052
0.0300907
-0.05175232
-0.116698
-0.1472636
-0.152321
-0.0802298
-0.002736625
0.01948377
0.02413873
0.03535842
0.02460014
-0.006817218
-0.01491127
-0.01806241
-0.01335242
0.004069815
0.03001312
0.05943563
0.05960862
0.03310348
0.01700335
0.01664895
0.005604943
-0.01506788
-0.02124143
-0.01210683
0.001502498
-0.02772207
-0.08868804
-0.07831217
-0.01657216
0.02711993
0.01836668
-0.03003297
-0.04223897
-0.05141049
-0.0697508
-0.06913239
-0.05891479
-0.04848912
-0.0127838
0.01234206
-0.0001384728
-0.01415515
-0.03107069
-0.0389154
-0.03892857
-0.04437326
-0.05571256
-0.05213233
-0.03373868
-0.02498302
-0.01055926
0.02418084
0.0401315
0.05066592
0.04265367
-0.003819751
-0.02661084
-0.02962517
-0.02480288
0.001149708
0.02640153
0.04374322
0.05398058
0.03476542
0.004328187
-0.02527574
-0.04958793
-0.055635
-0.02595254
0.02127593
0.03200266
0.0299304
0.02334868
0.01388136
0.002255678
-0.007139293
-0.007279834
-0.001960349
-0.001524657
-0.001288916
0.00836445
0.01207934
0.003242084
-0.01764345
-0.02994368
-0.0322153
-0.03385762
-0.02836914
-0.01254199
0.004710071
0.01283717
0.01589382
0.0165616
0.01654492
0.01493598
0.007698644
-0.0009136862
-0.009155794
-0.01726738
-0.01850216
-0.009241175
0.00152631
0.0112605
0.01760213
0.01268087
0.004614932
0.001684649
0.004362286
0.005929105
0.007946726
0.009903108
0.01187883
0.01053951
0.00327396
-0.002699295
-0.004223349
0.003522317
0.01872822
0.03146365
0.03183358
0.02320196
0.01679186
0.01260125
0.007103979
0.0006080832
-0.001186674
0.005465149
0.01519121
0.01788841
0.01346801
0.007552246
0.008838663
0.01387864
0.01136649
0.00340036
-0.004169031
-0.003303064
0.004460101
0.01067691
0.0149934
0.01748916
0.01478899
0.01546193
0.01693246
0.01098449
0.0007922499
-0.0123927
-0.02251159
-0.02695524
-0.02332359
-0.01337715
-0.001459108
0.008594334
0.008255974
-0.001343012
-0.0139388
-0.01960169
-0.01667928
-0.01523083
-0.01771961
-0.01794301
-0.01263603
-0.005595079
0.001151042
0.008699859
0.01074675
0.007360062
0.006216308
0.008251849
0.01783331
0.02778395
0.03406767
0.03540433
0.03136147
0.02551928
0.01881006
0.01107568
0.006454305
0.006533043
0.007418556
0.005110405
0.005510308
0.01561649
0.02602454
0.02492492
0.0162089
0.00832822
0.005652558
0.01332067
0.02023394
0.01768768
0.007102758
0.0009272525
0.002861722
0.007915306
0.009042867
0.007324582
0.008626474
0.00899196
0.01060384
0.01801947
0.03393473
0.0443858
0.0420501
0.02297106
0.001876458
-0.008887631
0.002175214
0.02830138
0.03588186
0.02948625
0.01395446
0.001925301
-0.005014099
-0.008152003
-0.004377411
0.0007516975
0.006266321
0.01039472
0.01457815
0.01575969
0.01249602
0.01049201
0.009583423
0.002893439
-0.006766828
-0.01308664
-0.01049985
-0.005902691
0.0005406275
0.008882123
0.008944234
0.003303483
-0.003492972
-0.00342079
0.001751349
0.006984643
0.007385137
0.005165206
0.005010733
0.001541217
-0.003762302
-0.01016236
-0.01526605
-0.01284523
-0.008875085
-0.01103211
-0.01680203
-0.02252405
-0.02208326
-0.01609984
-0.01263179
-0.01253998
-0.01201367
-0.0103287
-0.01014624
-0.01621743
-0.0231934
-0.02014384
-0.01402615
-0.01217211
-0.009623488
-0.002334968
0.003352111
0.00136059
-0.004219332
-0.01572039
-0.02535082
-0.02233634
-0.01667501
-0.01659107
-0.01667344
-0.01549308
-0.01909656
-0.02337533
-0.01985114
-0.01296506
-0.006344225
0.001122151
0.001869747
-0.003670994
-0.009254617
-0.008231736
-0.001080736
0.003777265
0.001708408
-0.003254228
-0.001105463
0.002574285
0.000686834
-0.003448735
-0.006532722
-0.006238507
-0.00951331
-0.01252601
-0.00959011
-0.008616724
-0.01463344
-0.02436911
-0.02797054
-0.02438202
-0.01626474
-0.007348837
0.001377308
0.004530138
-0.001774509
-0.01444604
-0.02236337
-0.01545912
-0.003717057
-0.001709904
-0.007682246
-0.01783152
-0.02148038
-0.01126441
-0.009740907
-0.01610103
-0.01168997
0.0008341163
0.002700194
-0.002174941
0.001876929
0.02813315
0.04866304
0.04834411
0.02308207
-0.006988288
-0.01337122
-0.014645
-0.0139951
-0.01279749
-0.008779617
-0.001432494
0.007316077
0.01847896
0.02621868
0.03245898
0.03807296
0.02849095
0.01543581
0.00919016
0.01177972
0.01414994
0.008655937
0.007530562
0.01016997
0.004986979
0.009838712
0.0257564
0.03531027
0.02539537
0.0009107623
-0.008743074
-0.01405785
-0.02131272
-0.03240586
-0.005779433
0.02162931
0.0162491
0.007524275
-0.01267047
-0.03031015
-0.03890857
-0.02221103
0.0217307
0.04342211
0.04552848
0.03058042
-0.01309189
-0.03632954
-0.03722718
-0.002750234
0.02024863
0.01573807
0.01160284
0.01021956
0.01419634
0.01094334
-0.001073537
-0.02112701
-0.02976467
-0.02239855
-0.006101342
0.013111
0.03171744
0.04271773
0.0497002
0.05023421
0.04511433
0.03809214
0.0299469
0.01312144
-0.007135326
-0.02363648
-0.0330772
-0.03308398
-0.04466267
-0.05596803
-0.05818623
-0.04790129
-0.04192995
-0.01849318
0.02058527
0.02303143
0.01951668
0.01641806
0.005753078
-0.0007778715
-0.004800661
-0.01319927
-0.0201597
-0.01943649
-0.01005248
0.0008125525
0.001669326
0.001735579
-0.003408346
-0.000701349
-0.01242737
0.004326009
0.03270941
0.02920046
0.0241625
0.0324447
0.01854292
-0.06134065
-0.09116978
-0.0904795
-0.09606836
-0.05679048
0.003146451
0.01171719
0.02657008
0.04928207
0.04424289
0.0009985867
-0.03783628
-0.03836404
-0.02132435
0.0207655
0.03761238
0.01773414
0.01082009
0.04207035
0.04684037
0.00839808
-0.0578433
-0.02729385
0.03400758
0.01917721
0.004035741
-0.002877409
-0.03044863
-0.05532095
-0.04861509
-0.01302081
0.03520513
0.0470589
0.04502738
0.04060702
0.01764305
0.001028563
-0.006285572
-0.01048668
-0.006122854
-0.0032411
-0.01404776
-0.02676386
-0.03558153
-0.005810581
0.03965
0.04560905
0.04329893
0.03690983
0.03046564
0.02619609
0.0276528
0.03245409
0.02659841
0.01414435
-0.0004660046
-0.01161346
-0.009328554
-0.001947728
-0.005952149
-0.008882516
-0.00349581
-0.00373339
-0.01153631
-0.008723087
-0.006719742
-0.01465427
-0.02162693
-0.02178396
-0.02255606
-0.01887994
-0.008725806
-0.007246774
-0.003017828
-0.0003443853
0.008831554
0.02692534
0.04228248
0.04055359
0.03569941
0.008712261
-0.03499168
-0.04378815
-0.0281638
-0.004859868
0.003976385
-9.138424e-05
-0.01066471
-0.03427976
-0.06022858
-0.06487876
-0.0702246
-0.04436762
-0.003479918
-0.003205554
-0.01489069
-0.004989566
0.03686714
0.07119726
0.04554119
0.001692396
0.01644464
0.0555443
0.06133584
-0.009385865
-0.04482679
-0.04883743
-0.04879766
0.01409146
0.04360414
0.03699964
0.0220893
0.01056228
-0.01135648
-0.02902695
-0.005654641
0.01927724
0.03031571
-0.01695718
-0.07873956
-0.08960864
-0.01872267
0.05634836
0.06387499
0.06934735
0.07838767
0.06854985
0.02373215
-0.04095413
-0.07639496
-0.05951693
-0.005812812
0.002080056
-0.04907385
-0.02203251
0.06597118
0.1161819
0.05974333
-0.03611612
-0.1177792
-0.1044823
-0.01857264
0.00172962
0.005806749
0.03961382
0.03354095
-0.02988243
-0.05102578
-0.04824299
-0.01465822
0.03881451
0.05499706
0.02167904
-0.01157064
-0.0214266
-0.03950988
-0.01633312
0.02445495
0.0277142
0.00370782
-0.01380318
-0.01425059
-0.006257491
0.004876201
0.01053761
0.01207822
0.007741611
0.003697753
0.004144967
0.005299054
0.002540434
0.001230228
0.004954754
0.009840056
0.01001807
0.01037153
0.006367575
-0.0004882904
-0.002801061
0.001337682
0.0149502
0.02576895
0.02843792
0.01925552
-0.002273956
-0.02120038
-0.02512566
-0.01582559
-0.008113646
0.0008743307
0.01174015
0.0178283
0.017518
0.01442517
0.01451678
0.01592524
0.009655155
-0.000330774
-0.008400105
-0.008447118
0.002518827
0.01493217
0.02102255
0.01758003
0.007425927
0.006479384
0.0101249
0.003349094
-0.004004013
-0.00681096
-0.009699488
-0.01149252
-0.008573126
-0.001689993
0.002657439
0.00148669
-0.001133458
-0.001181145
0.002643109
0.006374563
0.007806959
0.005357256
0.002834134
7.643364e-05
0.000399155
0.001566458
-0.0003292767
-0.0004634493
-0.0008250596
0.001189952
0.002178868
-3.907534e-05
-0.002838395
-0.003950611
-0.006936545
-0.01374746
-0.01772682
-0.0125537
-0.006822622
-0.0100563
-0.01293397
-0.01249661
-0.008022073
-0.003501612
0.0008301764
0.0005383288
-0.002927733
-0.003602031
-0.002746301
0.002329193
0.007208872
0.003863298
-0.001089771
0.003227967
0.007481471
0.008347581
0.004298339
-0.0001690766
-0.0006166456
-0.0006521075
-0.0006997821
-0.0004557093
0.001597871
-0.0001184411
-0.002555865
-0.007656481
-0.01042534
-0.009372249
-0.00468384
0.004485457
0.01177391
0.01435304
0.009707542
0.003061855
-0.002892241
-0.007632509
-0.009491248
-0.003728516
0.007115885
0.01832446
0.02229922
0.01791613
0.004471395
-0.009808692
-0.01149277
-0.00695991
-0.001476385
0.001222573
-0.001041758
-0.006307916
-0.008631344
-0.004206419
0.0001022582
-0.0002953128
-0.001884212
-0.001133198
0.000169669
-0.001095792
-0.009359439
-0.01709368
-0.01717481
-0.009587564
-0.001025157
-0.001760018
-0.003385305
-0.004008918
-0.001627577
0.0006058988
-0.0001145112
0.004074373
0.005658213
0.002117607
-0.0004743637
-0.004943099
-0.003287719
-0.004901404
-0.007067894
-0.003061307
0.002345776
0.008123156
0.00930139
0.01012572
0.01020753
0.008774673
0.007842674
0.008668173
0.01113387
0.01259592
0.01147129
0.007394818
0.002669663
0.0004690464
-0.0005003925
0.0005977468
-0.002256576
-0.004148999
-0.003958545
-0.0004040912
0.003788921
0.004745512
0.004298623
-0.000484247
-0.002520217
-0.002283589
-0.00200612
-0.0009860502
-0.002581222
-0.006596812
-0.006793483
-0.0112782
-0.01171755
-0.00645607
-0.004806377
-0.001986703
-0.000724528
-0.001617571
-0.002348393
-0.002129553
-0.003121411
-0.003056507
-0.004506261
-0.008761992
-0.009560901
-0.006760187
-0.00328827
0.004709428
0.005601851
0.003702577
0.002574467
-0.00174416
-3.96434e-05
0.003941557
0.008084981
0.01125129
0.01097209
0.006207982
0.002440464
0.0001295516
-0.002201716
-0.001729979
0.0007960838
0.002728551
0.002809766
0.002061765
0.00270713
0.0002435818
-0.00170278
0.0004706835
0.003315354
0.003671271
0.001010075
0.003014407
0.006742585
0.009095852
0.007506863
0.004724524
0.005747853
0.004789369
0.001266654
-0.001055473
0.0008880883
0.003402898
0.003962417
0.005913265
0.008423123
0.007742467
0.005615503
0.002241128
-0.0004834573
0.001329988
0.001183042
-0.003233573
-0.003540557
0.002503029
0.008812886
0.01137838
0.008467531
0.008147541
0.007611362
0.003396096
-0.00683406
-0.005087323
0.006490225
0.003618506
0.003679339
0.006897124
0.01038934
0.007893195
0.0007815994
-0.003487203
-0.004631691
-0.002489686
0.0004020719
0.007646224
0.009936291
0.005934032
0.001288208
-0.002207003
-0.005026917
-0.005771078
-0.005362582
-0.005124371
-0.002795106
-0.001573504
-0.002165406
-0.001760712
-0.003553042
-0.006511176
-0.008511473
-0.007797493
-0.005456557
-0.003266523
-0.003235772
-0.005753943
-0.005152896
-0.007079351
-0.008818069
-0.008941049
-0.01041037
-0.007889391
-0.005842655
-0.007146559
-0.008246405
-0.008065071
-0.008421216
-0.009264863
-0.008918108
-0.005863194
-0.0024655
-0.001400486
-0.00464491
-0.007258913
-0.006826116
-0.008083397
-0.007858557
-0.0103795
-0.01339813
-0.01716233
-0.02395789
-0.0288919
-0.01973863
0.0006612255
0.01473918
0.02424149
0.02305425
0.01241067
-0.00453442
-0.02121628
-0.02773888
-0.01302603
0.001857221
0.008079718
0.01842512
0.01861751
0.006658702
-0.008088719
-0.01909879
-0.02151224
-0.004259003
0.01841866
0.02387879
0.007953259
-0.009322436
-0.0241572
-0.03292956
-0.02963655
-0.01813785
-0.009540476
-0.006428816
0.004108489
0.01518305
0.01789883
0.01018315
-0.007449632
-0.01858753
-0.01877806
-0.01356029
-0.001913429
0.005406833
0.006893065
0.002838435
-0.001472484
-6.239615e-05
0.002766604
0.01157098
0.01490614
0.00877521
-0.004077606
-0.009772426
-0.01197975
-0.004982344
0.01410789
0.02887822
0.03343728
0.02226658
0.008987129
-0.005927074
-0.0167443
-0.01362297
-0.002632381
0.008807069
0.01599028
0.01473712
0.008560013
0.004306729
0.001901693
0.001781209
0.003787856
0.004929708
0.006873701
0.00894708
0.00759362
0.006361455
0.006336698
0.007028269
0.00681439
0.005599077
0.005070724
0.005008249
0.004645925
0.004811056
0.00579005
0.005298479
0.003596526
0.00140604
0.0009478343
0.002462456
0.00367027
0.004220953
0.003880404
0.002214213
0.0008014196
0.0005754206
0.00154509
0.002082542
0.001441137
0.001645119
0.002570473
0.003372746
0.003815693
0.003186008
0.001702964
0.000592331
0.0001603695
0.0006273988
0.001076557
0.0007920576
0.0009983967
0.001007625
0.0006216343
0.0006482847
0.0005741969
0.0002875544
-0.000234663
-0.0007221409
-0.001257642
-0.001320537
-0.0008283947
-0.0005653445
-0.00081973
-0.001106545
-0.001454592
-0.001601433
-0.001649271
-0.001696232
-0.001583231
-0.001338256
-0.001351228
-0.00155067
-0.001606735
-0.00169471
-0.00169201
-0.001616165
-0.001588133
-0.001545124
-0.001533819
-0.001533685
-0.001531384
-0.001520169
-0.001508102
-0.00147756
-0.001449297
-0.001446687
-0.00143315
-0.001394549
-0.001356333
-0.001319425
-0.001282721
-0.001249043
-0.001212274
-0.001166279
-0.00111801
-0.001068358
-0.001018807
-0.0009663394
-0.000912909
-0.0008615098
-0.0008077667
-0.0007545819
-0.0007014957
-0.0006494492
-0.0005979395
-0.0005475779
-0.0004992718
-0.0004529332
-0.0004087226
-0.0003668198
-0.0003273351
-0.0002905269
-0.0002566688
-0.0002260309
