0.02289778
0.0231504
0.02387806
0.02293263
0.02065375
0.01918646
0.0164071
0.01477081
0.01489159
0.01612787
0.01807365
0.01773216
0.0151605
0.0150017
0.01325224
0.013885
0.01665823
0.01638929
0.01501107
0.0138679
0.01365949
0.01997236
0.02913961
0.03182515
0.03428157
0.0370984
0.03889865
0.03262999
0.02704607
0.01846059
0.01862291
0.02575312
0.03205227
0.03383001
0.03155448
0.04292064
0.03658386
-0.003792177
-0.04842656
-0.06832783
-0.06020754
-0.04533881
-0.05075983
-0.05808102
-0.04124956
-0.01262277
0.01502384
0.02722462
0.0194783
0.04775429
0.08746446
0.1171867
0.1162019
0.08544321
0.07175516
0.06401056
0.04525291
0.01607381
-0.01994963
-0.04879341
-0.02785627
-0.05042432
-0.07724291
-0.09246226
-0.0774286
-0.06701476
-0.0668491
-0.07457542
-0.05799438
0.01757704
0.01110348
-0.001931044
0.01051066
0.008399699
0.002983598
0.02770916
0.03032279
0.03837367
0.04582745
0.08352791
0.09165
0.03203549
0.02045438
-0.001275167
-0.05979862
-0.09400982
-0.03879099
-0.008731967
-0.04522438
-0.0688541
-0.08603184
-0.131152
-0.1417631
-0.06710478
0.06129062
0.1280102
0.09772801
0.08167735
0.04426829
-0.007260263
-0.01215201
0.03663308
0.07406897
0.09028614
0.0738881
0.03495246
0.007840956
-0.01255458
-0.01016712
-0.008195547
0.002735958
0.03432373
0.06512122
0.06272408
0.03116738
0.006823315
-0.01004499
-0.001439624
0.0188143
0.01703335
0.01699775
0.003494221
-0.004313498
-0.008025796
-0.0315066
-0.1057843
-0.1935575
-0.2593294
-0.3019705
-0.3380714
-0.3799056
-0.4502651
-0.4978408
-0.4513511
-0.27403
-0.002795587
-0.03546194
-0.1647284
-0.2917214
-0.3314146
-0.4659821
-0.4450884
-0.4756517
-0.4169315
-0.4915947
-0.403573
-0.4974052
-0.05361496
1.44047
1.409501
1.493572
1.283807
0.5440129
-0.1990226
-0.4328846
-0.2515363
-0.2960795
-0.3281993
-0.3533792
-0.3389639
0.1078292
0.4194424
0.2058198
0.3230052
0.01637435
-0.1292672
-0.1746969
-0.1821187
-0.05689491
0.03264595
0.07493605
-0.05165862
-0.09786333
-0.1310133
-0.021429
0.2152225
0.1260164
-0.05300009
-0.02641248
0.0556128
0.1122264
0.1038464
0.07591244
0.0527803
0.002228145
-0.07549927
-0.177446
-0.2162694
-0.1523577
-0.009037598
0.1192382
0.1888951
0.2511832
0.1921743
0.1436771
0.1560868
0.07811475
-0.01387155
-0.02563842
0.03649935
0.07647404
0.05341018
-0.00225748
0.01494313
0.08249653
0.1320862
0.1048693
-0.04198705
-0.1718466
-0.1857756
0.03349739
0.1540808
0.1070959
0.06989635
0.1280702
0.1773441
0.2468685
0.2197196
0.001821949
-0.1329646
-0.2311328
-0.04589574
0.2273821
0.3917905
0.2738225
0.06968534
-0.03522591
-0.1653563
-0.209736
-0.1906498
-0.11529
0.0003682878
0.10333
0.143667
0.1194874
0.03239955
-0.0002097881
-0.05493242
-0.1373426
-0.1826491
-0.05166457
0.05193427
0.1244886
0.06504613
-0.02032555
0.06679014
0.2127305
0.2972222
0.1869952
0.08998761
0.03104767
-0.07336261
-0.2057665
-0.3185282
-0.1987418
0.2806285
0.3946849
0.2926985
0.1429109
0.04243135
0.04925498
0.03832775
0.02708449
-0.04237611
-0.1067446
-0.116694
0.0318362
0.1006424
0.09756221
0.005308664
-0.05396097
-0.06697754
-0.1031959
-0.1502078
-0.1645458
-0.124577
-0.109654
0.03112989
0.1949231
0.2510411
0.1300771
0.01082776
-0.02332284
-0.03427447
0.03228584
0.03113254
-0.07236849
-0.08531996
0.05774173
0.03300331
-0.06586045
-0.1418884
-0.2113291
-0.2379909
-0.02775669
0.1601457
0.1328129
0.0861369
-0.07980154
-0.2550872
-0.3396011
-0.2769185
-0.05954595
0.03706075
-0.003242001
-0.05828881
-0.09955541
-0.04378939
-0.02673028
0.03144198
0.02897423
-0.04129085
-0.1125769
-0.1108289
-0.08051082
-0.1162244
-0.1580896
-0.0965584
0.1200689
0.2685051
0.307229
0.06905466
-0.1267428
-0.1742915
-0.1520682
-0.1725808
-0.1604727
0.001528305
0.2441552
0.309297
0.005077408
-0.1845279
-0.2708287
-0.2269642
-0.1200689
0.06282656
0.2956143
0.4139314
0.2212658
0.000334908
-0.04105155
-0.08767474
-0.1142529
-0.1506202
-0.07644902
0.1072915
0.3014788
0.3199954
0.1118885
-0.0549922
-0.1136041
-0.01931082
0.08896856
0.03505461
-0.05132601
-0.1196547
-0.1148935
-0.1072629
-0.1623932
-0.2248226
-0.2090997
0.164742
0.3328752
0.4426112
0.2528721
-0.1209027
-0.3032327
-0.4051094
-0.3861376
-0.2036456
0.1898201
0.2878344
0.1955738
-0.02634414
-0.1281368
-0.06650223
0.1043681
0.2212631
0.1144596
-0.01342826
-0.03538016
-0.05122033
-0.02086992
-0.006179692
-0.01759648
-0.01576667
-0.01400633
0.03945258
0.1320059
0.1782665
0.08184821
-0.05152067
-0.1364744
-0.1599793
-0.06695246
0.02549287
0.07135976
0.09156433
0.08093213
0.07196545
0.03777709
0.003191816
-0.01698713
-0.0476977
-0.0255102
0.0302882
0.04262527
0.02345338
-0.004685474
0.01354268
0.01939606
-0.03073545
-0.07983793
-0.1186141
-0.15895
-0.1893287
-0.2065486
-0.1759103
-0.08351115
-0.01830226
0.01657576
0.05849365
0.0749216
0.06657258
0.01997647
-0.02418914
-0.01365537
0.004939307
0.008668348
0.003785373
0.005696461
0.002945991
0.02404399
0.07302249
0.08914259
0.03585251
-0.01825269
-0.02632647
-0.02908417
-0.05088747
-0.07705959
-0.09713737
-0.076858
-0.04898079
-0.05792371
-0.06449836
-0.04002436
0.03103797
0.1062964
0.1129842
0.04405204
0.004381514
-0.01070922
-0.04607365
-0.04956527
0.007458528
0.0280498
0.01585709
0.03475076
0.0412227
0.02022588
0.01704422
0.02241918
0.03124973
0.00862434
-0.03398097
0.01155379
0.06866233
0.07105587
0.06416419
0.02712931
0.001030701
-0.007193588
0.003674321
0.02202275
0.01105723
0.007774196
0.02517966
0.04782062
0.03768575
0.02191422
0.01741045
0.01341449
0.01682256
0.02804569
0.03226739
0.008489928
-0.009962271
-0.02088703
-0.004126091
0.03577441
0.05694756
0.062844
0.03367269
0.01120671
0.01327258
0.01633892
0.008885845
0.002533192
0.0223291
0.04916082
0.06412672
0.04948085
0.02281209
0.009299123
-0.0003685896
-0.0110483
-0.003689453
0.0101238
0.005117895
-0.001653776
-0.007916622
0.002220968
0.02394968
0.03670429
0.02364765
-0.008759553
-0.02759581
-0.03557023
-0.03950968
-0.02244339
-0.005296677
-0.005063744
-0.01713011
-0.03514629
-0.04397036
-0.04556279
-0.03988784
-0.02813997
-0.01669824
-0.01594319
-0.01975584
-0.02405822
-0.0341319
-0.03714222
-0.02691614
-0.0190668
-0.01506504
-0.01292185
-0.01252298
-0.01811065
-0.02026716
-0.01566733
-0.01774862
-0.02589089
-0.02373537
-0.01043343
-0.005111067
-0.01056819
-0.01632023
-0.01098602
-0.007537916
-0.01841788
-0.03096974
-0.02777191
-0.004243567
0.009675234
0.009108892
0.004228849
0.002840145
0.006811419
0.009730954
0.009099749
0.002467766
-0.006618455
-0.01707873
-0.0264722
-0.02639203
-0.007125779
0.01310733
0.01973759
0.01754781
0.009969254
0.003796147
0.002803512
0.001356867
0.009651113
0.02243733
0.0243074
0.02465553
0.0222934
0.01881224
0.01562882
0.01418133
0.02043167
0.02288445
0.01695274
0.01475617
0.01895183
0.02042197
0.01458879
0.005487451
0.005572131
0.01434915
0.01709381
0.01726286
0.01737267
0.01451418
0.0002458874
-0.01482116
-0.01856324
-0.008000917
0.0002510122
-0.003244484
-0.01013259
-0.005001093
0.01927674
0.02824326
0.02322958
0.02007325
0.01561021
0.004738435
-0.00699328
-0.01396882
-0.01571896
-0.007356911
0.01796971
0.03044731
0.01855296
0.006102639
0.005967724
0.0149189
0.01947789
0.007263918
-0.01227066
-0.01846471
-0.01199758
-0.002370555
0.002178847
-0.0005117748
-0.01081472
-0.0180465
-0.01805573
-0.01851077
-0.02378943
-0.00977792
0.007383291
0.006001868
0.005368049
0.01308593
0.007317325
-0.01234272
-0.01614182
-0.01020302
-0.009265341
-0.01319515
-0.01504318
-0.02226056
-0.02998797
-0.04151901
-0.02192684
0.005996652
0.009263637
0.01316705
0.006105434
-0.01762405
-0.0395339
-0.04231776
-0.03558404
-0.01009358
0.002460176
0.0008093804
0.002040049
-0.003260378
-0.007516357
-0.01650212
-0.02724332
-0.02236223
-0.008545982
-0.0003642394
0.002161574
0.000667539
-0.001827143
0.001073948
0.006158834
0.007389115
0.01419061
0.02559841
0.02789554
0.0009155864
-0.02856134
-0.0122811
0.02188789
0.02817211
0.0193042
0.01211213
0.00970794
0.006748845
-0.001420422
-0.01078209
-0.01691648
-0.003501564
0.01940852
0.02082821
0.008158634
-0.001007251
-0.0003913443
0.003228454
0.001433067
-0.003793605
0.004851716
0.0223639
0.02132533
-0.00146882
-0.01416701
-0.008388921
0.002329028
0.02387428
0.02902303
0.02401768
0.02493853
0.01838075
0.009567754
0.00232862
0.007892532
0.01785265
0.004835236
-0.01139211
-0.02823246
-0.01922296
0.01108927
0.01034556
-0.01818091
-0.03890434
-0.04350872
-0.03677782
0.001471093
0.04627352
0.04722923
-0.0006516328
-0.04421073
-0.03269186
0.01877227
0.05624712
0.04717429
-0.007150815
-0.05012228
-0.02868889
-0.003401915
-0.0268597
-0.04918627
-0.01992633
0.03647992
0.0374604
-0.00378911
-0.01623482
0.01035693
0.02456387
0.005239361
-0.006531001
0.01386538
0.0129183
-0.01488331
-0.02553869
-0.01194354
0.0002073249
-0.0003917784
0.009572271
0.01971587
0.02696067
0.03714107
0.02147674
-0.007524059
-0.03061188
-0.04100882
-0.03577014
-0.02360766
0.005789791
0.02190382
0.005845059
-0.006802787
-0.0008672112
0.05023808
0.07285381
0.008384005
-0.05749233
-0.06168412
-0.02103667
-0.004384674
-0.008205053
-0.01459782
-0.005883334
0.02273242
0.04814644
0.0343558
-0.001456599
-0.03718837
-0.05553827
-0.03982421
-0.009940256
0.02125751
0.02899839
0.01640969
0.007873505
0.02395405
0.03233671
0.01030812
-0.02144611
-0.03627238
-0.03898609
-0.01449023
0.00965889
0.007850087
0.004559274
0.003057595
0.0164184
0.02118269
0.03122043
0.0494519
0.06383191
0.07641677
0.07419332
0.04588752
0.02361303
0.01041559
-0.02604698
-0.06458213
-0.05970296
-0.01674817
-0.01596417
-0.05493973
-0.05858956
-0.01218895
0.02555906
0.06511355
0.08712614
0.04659341
-0.000182666
-0.03044794
-0.05563357
-0.04972952
-0.004102539
0.02612659
0.02147688
0.005858155
-0.01150674
-0.03495486
-0.04631591
-0.01020917
0.07468425
0.07100705
-0.02995973
-0.05536586
0.009097211
0.03009
-0.009181822
-0.06068133
-0.1036363
-0.1105595
-0.06613197
-0.006890838
0.0266229
0.04959908
0.03746489
0.01501449
-0.003004961
-0.01442801
-0.0118974
-0.00548153
0.002118621
-0.001785742
-0.02133582
-0.0291854
-0.04676878
-0.0228279
0.03999035
0.06302051
0.04811795
-0.01968479
-0.08536996
-0.05620932
0.02523352
0.02253254
-0.008253047
-0.01506551
-0.01833646
-0.01568319
0.02164709
0.06273919
0.08772964
0.06002391
-0.01249546
-0.04440244
-0.02282464
0.02203065
0.01811981
-0.01145213
-0.01960808
0.0008990586
0.005432042
0.01506
0.04848359
0.06724272
0.0571665
0.0188435
-0.03265783
-0.07040441
-0.06346268
-0.04287123
-0.0378286
-0.03412211
-0.003140759
0.04510723
0.07960058
0.08453745
0.07131022
0.06376548
0.0384881
0.007497779
-0.02047532
-0.04742123
-0.05296033
-0.03349202
0.00414663
0.03680774
0.02344244
-0.001844562
-0.0107452
-0.009173436
0.01346037
0.02206822
0.02253653
0.0242238
0.03757993
0.05692352
0.04532343
0.008972088
-0.02575433
-0.04387408
-0.04612154
-0.02584735
-0.006766494
-0.01321618
-0.03235053
-0.0445784
-0.04320961
-0.02029939
-0.004840204
-0.0150462
-0.03148638
-0.03491437
-0.01855736
-0.01736667
-0.04281935
-0.07531712
-0.03109451
0.06968715
0.1049604
0.04682209
0.01831586
0.0741698
0.1298025
0.09445117
-0.008743334
-0.08047792
-0.09816471
-0.06089995
0.003412196
0.06233777
0.05679327
-0.00871085
-0.05392815
-0.07899121
-0.09104618
-0.02983142
0.1037095
0.1271425
0.003729281
-0.07465604
-0.0205729
0.05826773
0.08042293
0.06594791
0.01880032
-0.03181014
-0.08668007
-0.1415918
-0.153896
-0.05070049
0.130064
0.2532853
0.1956636
0.0296701
-0.05468056
-0.03294303
-0.02045889
-0.05140223
-0.1142318
-0.0490584
0.1147286
0.07345995
-0.06564911
-0.1331062
-0.07745333
0.04624886
0.07113044
-0.02476819
-0.09909074
-0.07625109
0.00535791
0.05328349
0.02970914
-0.01159177
-0.04345255
-0.04150335
0.0004849568
0.02844829
0.01899907
-0.0109715
-0.02489643
-0.02425573
-0.02095077
-0.005703616
0.003197117
-0.005670525
-0.012134
-0.01554766
-0.008188057
0.01135445
0.01590298
0.01091656
0.0002130735
-0.0128772
-0.02493317
-0.02873835
-0.01510763
0.004932789
0.01880528
0.03268289
0.03869224
0.03020842
0.008235114
-0.0166462
-0.0336072
-0.02750599
0.0004599603
0.0112226
0.01011652
0.009365419
0.007595345
0.00394236
-0.003709018
-0.001735668
0.01452687
0.01442351
-0.008576798
-0.0217596
-0.02365712
-0.01861456
-0.003248573
0.004787697
0.0005880491
-0.01313329
-0.01000832
0.003657331
0.005091147
0.0023858
-0.003155147
-0.012465
-0.02371795
-0.02880602
-0.02854319
-0.02035801
-0.007634854
0.005254551
0.01169041
0.0105599
0.007737208
0.006772946
0.007800735
0.005517593
0.0005304232
-0.006610998
-0.01449091
-0.01781143
-0.01925721
-0.01458096
-0.0001157808
0.009049463
0.01228645
0.01699426
0.02251194
0.02491759
0.01503731
0.001913415
-0.003445236
-0.006029507
-0.004057458
1.883261e-05
0.004294002
0.009154631
0.01237405
0.01639518
0.02012864
0.01368452
-0.001018568
-0.01186812
-0.001774037
0.02040702
0.02149241
0.002706136
-0.008271047
-0.00680018
-0.0085352
-0.01283861
-0.004328809
0.0101653
0.0160516
0.01283131
0.007425122
0.005648064
0.006935053
0.00821079
0.004700651
0.001120098
-0.00705049
-0.01420724
-0.008091777
0.004096725
0.01104137
0.01078886
0.008704383
0.001744273
-0.007974977
-0.01604595
-0.01818056
-0.01183085
-0.006413466
-0.002309883
0.005224938
0.009063237
0.00948041
0.01121233
0.01255658
0.01006969
-0.003838197
-0.02024206
-0.03107679
-0.03469505
-0.0181398
-0.002059919
0.003799513
0.003073776
0.0001111311
0.005313536
0.008777811
0.008170196
0.00570919
0.003251192
0.01432344
0.02222548
0.008822727
-0.002745099
-0.00595306
0.001991607
0.009686319
0.01709232
0.01843844
0.008236066
-0.001645061
-0.009772864
-0.01232336
-0.007412622
0.004360624
0.01010969
0.008655465
0.008404778
0.005054253
0.00848565
0.01759023
0.01535439
0.005656165
0.002115625
0.0003936841
-0.0004837564
0.003012502
0.009517699
0.01881764
0.02169865
0.01510176
0.005289777
-0.001198094
-0.0006439459
0.0005537591
-0.003516898
-0.002877258
0.001704618
0.006661791
0.004446261
0.002282688
0.00169189
0.002793209
0.007496083
0.006525654
0.001839301
-0.0006928773
0.00142302
-0.002468947
-0.007719619
0.0007292641
0.006765782
0.002486976
0.002369704
0.0008111075
0.0004835856
0.002346959
-0.0003501536
-0.00205793
-0.0007547333
-0.0009948616
-0.002769134
-0.001845573
0.0003274243
0.001111116
0.0009991823
-0.0008386563
-0.0009354193
-0.005311147
-0.005737501
-0.003214079
-0.002328841
-0.0004909887
-0.0006615801
-0.003928955
-0.002864454
0.005285921
0.003776834
-0.0004597967
-0.003413331
-0.003477268
-0.001832769
0.0006317483
0.004763902
0.006017554
0.004011224
0.002922832
0.00552576
0.003544745
-0.0004283905
0.0003811938
0.002347398
-0.0009618982
-0.003453214
-0.003918869
-0.002178323
0.002551784
-0.001144387
-0.004799815
-0.0062419
-0.01232606
-0.01566546
-0.009650497
-0.001296726
0.002198728
-0.002271051
-0.008988969
-0.007100172
-0.003176532
0.005827675
0.00319975
-0.007230204
-0.004048312
0.0009368919
0.001750246
0.005624571
0.006406208
0.001868497
-0.00437878
-0.01706434
-0.01349319
7.799235e-05
-0.001446865
-0.006007287
-0.003742931
-0.001406197
-0.001750064
-0.00187467
-0.0009191376
0.004044958
0.004398615
0.0008323749
0.000954419
0.0004929881
-0.0009629767
2.698435e-05
-0.001882946
-0.004157049
-0.0009701007
0.002111757
0.003832906
0.003717008
0.003284884
0.003353553
0.00487264
0.007465762
0.008321803
0.002888503
-0.0005772375
0.002509484
0.002306687
0.0003504937
0.001652166
0.005853683
0.008501728
0.009003682
0.009625986
0.009464922
0.008132887
0.005444249
0.0005024244
-0.004925943
-0.005237993
-0.003823184
-0.0007753539
-0.0009333819
-0.002676487
-0.002566246
-0.002473339
-0.005115044
-0.01023228
-0.01140517
-0.009360956
-0.003954815
-0.001620896
0.006464819
0.01866829
0.01457933
0.003850187
-0.004100451
-0.01550274
-0.02341253
-0.01938319
-0.01977653
-0.01191192
-0.0008669156
0.002938165
0.008643544
0.002791342
0.006106943
-0.001440411
-0.01750574
-0.02531616
-0.03043475
-0.01303271
0.00195709
-0.001963859
-0.01366735
-0.01645903
-0.009166941
-0.002491883
-0.008284057
-0.004833926
0.005377022
0.007943253
0.005603354
0.001905847
-0.001136821
-0.007996546
-0.01661464
-0.01362473
-0.00469619
-0.007510771
-0.007034577
0.003242207
0.006939004
-0.007616111
-0.02069376
-0.009474109
0.008378039
0.02137605
0.01644107
-0.005743704
-0.01621042
-0.009163409
-0.002098484
-0.003009964
0.008667985
0.02390091
0.01623007
0.002492512
-0.01074508
-0.02320762
-0.02102095
-0.001027008
0.02099465
0.0236003
0.01243866
0.0004132936
-0.0004784884
0.00577484
0.006007793
0.004332628
-0.001471621
-0.003091414
0.003328328
0.009766232
0.009464067
0.005399655
0.006777177
0.009202106
0.004642828
-0.0001663393
0.001555577
0.00442247
0.007168376
0.009482124
0.01021769
0.005126362
0.001148916
0.003307575
0.005569986
0.005451807
0.0005495534
-0.001319883
0.001798729
0.004461
0.006643714
0.006898979
0.005481452
0.002878512
0.0008795361
-4.894605e-05
0.0005316261
0.00184419
0.003404124
0.004165881
0.003373875
0.001915061
0.0001741617
-0.0009223955
-0.0001001857
0.001806842
0.003017052
0.002603147
0.001417854
0.0003625941
-0.0006008334
-0.000827974
-0.000873426
-0.000539005
-0.0004528629
-0.0002192759
0.0001784729
0.0009264914
0.0005930053
-0.000464076
-0.0004563739
-0.001153269
-0.002343037
-0.002376026
-0.001607286
-0.00140392
-0.001525951
-0.001254887
-0.001063388
-0.001088892
-0.001137079
-0.001290617
-0.001572582
-0.001692076
-0.001554706
-0.001453521
-0.00150646
-0.001514668
-0.001419818
-0.001425124
-0.001371254
-0.001311874
-0.001297847
-0.00127626
-0.001233809
-0.001229561
-0.001187316
-0.001058656
-0.0009458956
-0.0008586479
-0.000784735
-0.0006982178
-0.0006221841
-0.0005599299
-0.0004890218
-0.0004229413
-0.0003554485
-0.0002827942
-0.0002129019
-0.000152255
-9.628518e-05
-4.484209e-05
5.66565e-08
4.008905e-05
7.525802e-05
0.0001047625
0.0001279528
0.0001443204
0.0001535094
0.0001553784
0.000149755
0.0001364551
0.0001153355
8.62781e-05
