4.199999999999999768e-05
4.000000000000000327e-05
4.000000000000000327e-05
3.899999999999999929e-05
3.899999999999999929e-05
3.800000000000000209e-05
3.100000000000000135e-05
2.599999999999999840e-05
3.399999999999999973e-05
5.000000000000000240e-05
5.500000000000000196e-05
4.399999999999999886e-05
-9.000000000000000228e-06
-4.399999999999999886e-05
-4.300000000000000165e-05
-1.699999999999999987e-05
1.699999999999999987e-05
1.000000000000000082e-05
-4.600000000000000004e-05
-4.199999999999999768e-05
1.699999999999999987e-05
3.600000000000000091e-05
1.900000000000000105e-05
-6.099999999999999872e-05
-1.090000000000000067e-04
-5.000000000000000409e-06
6.999999999999999387e-05
6.399999999999999710e-05
1.440000000000000036e-04
2.999999999999999737e-04
3.510000000000000208e-04
3.249999999999999851e-04
1.530000000000000056e-04
-1.190000000000000058e-04
-2.220000000000000022e-04
-1.920000000000000049e-04
-1.820000000000000057e-04
-1.949999999999999965e-04
-1.979999999999999881e-04
-2.030000000000000012e-04
-2.039999999999999984e-04
-1.990000000000000124e-04
-8.000000000000000654e-05
9.600000000000000243e-05
-8.600000000000000331e-05
-2.269999999999999882e-04
-1.849999999999999973e-04
-1.550000000000000000e-04
-1.730000000000000038e-04
-1.689999999999999879e-04
-1.499999999999999869e-04
-1.210000000000000002e-04
-1.110000000000000011e-04
-1.090000000000000067e-04
-9.399999999999999448e-05
-1.119999999999999983e-04
-5.320000000000000293e-04
-1.356999999999999916e-03
-1.631000000000000071e-03
-8.710000000000000294e-04
2.199999999999999943e-05
4.600000000000000139e-04
9.049999999999999885e-04
1.088999999999999907e-03
9.950000000000000077e-04
4.910000000000000085e-04
8.100000000000000375e-05
1.299999999999999886e-04
2.349999999999999930e-04
-2.300000000000000002e-05
-3.480000000000000020e-04
1.499999999999999869e-04
5.249999999999999676e-04
9.460000000000000093e-04
9.110000000000000259e-04
2.719999999999999979e-04
-5.249999999999999676e-04
-1.129999999999999928e-03
-1.497000000000000067e-03
-4.920000000000000328e-04
7.360000000000000006e-04
7.849999999999999990e-04
-2.590000000000000071e-04
-1.673000000000000008e-03
-2.197999999999999867e-03
-1.691999999999999928e-03
-2.550000000000000183e-04
1.044000000000000006e-03
1.196999999999999930e-03
1.083999999999999894e-03
1.034999999999999896e-03
4.279999999999999950e-04
7.550000000000000287e-04
1.441000000000000007e-03
1.510000000000000057e-03
1.446999999999999936e-03
1.528999999999999977e-03
1.595000000000000064e-03
1.683999999999999950e-03
1.528999999999999977e-03
4.800000000000000122e-04
-5.699999999999999772e-04
-1.588999999999999918e-03
-2.537999999999999892e-03
-2.932999999999999843e-03
-2.860999999999999828e-03
-3.406000000000000173e-03
-2.599000000000000182e-03
-1.149999999999999981e-03
6.149999999999999868e-04
2.360000000000000119e-03
2.786999999999999981e-03
2.628999999999999827e-03
2.684999999999999887e-03
2.808999999999999865e-03
2.625000000000000163e-03
1.157999999999999958e-03
-9.489999999999999738e-04
-2.186000000000000009e-03
-3.197999999999999888e-03
-2.641999999999999817e-03
-1.118000000000000070e-03
-8.379999999999999862e-04
-1.062000000000000010e-03
-7.100000000000000191e-04
7.590000000000000175e-04
1.657000000000000053e-03
1.505999999999999960e-03
1.364999999999999894e-03
4.299999999999999894e-04
-2.004000000000000139e-03
-3.253999999999999948e-03
-2.965000000000000187e-03
-2.765999999999999796e-03
-2.772000000000000158e-03
-1.861999999999999940e-03
-5.810000000000000277e-04
-1.325000000000000006e-03
-1.167999999999999984e-03
-5.899999999999999754e-05
9.600000000000000243e-05
1.800000000000000046e-05
1.131999999999999977e-03
2.552000000000000015e-03
2.717999999999999930e-03
2.082000000000000083e-03
7.079999999999999705e-04
1.820000000000000057e-04
3.260000000000000094e-04
-7.529999999999999801e-04
-3.242000000000000090e-03
-4.261000000000000031e-03
-2.567999999999999970e-03
-8.149999999999999693e-04
5.169999999999999899e-04
9.610000000000000486e-04
9.330000000000000186e-04
9.309999999999999699e-04
1.012000000000000096e-03
1.075999999999999917e-03
1.105000000000000079e-03
3.009999999999999980e-04
-2.053999999999999836e-03
-3.755999999999999790e-03
-3.700999999999999863e-03
-3.384999999999999988e-03
-3.395000000000000014e-03
-2.745000000000000044e-03
-3.269999999999999795e-04
1.763000000000000027e-03
1.904000000000000093e-03
1.652999999999999955e-03
1.779999999999999898e-03
1.936999999999999920e-03
1.260999999999999968e-03
-3.159999999999999832e-04
-1.910999999999999938e-03
-4.297999999999999737e-03
-6.917000000000000405e-03
-8.285000000000000697e-03
-8.826999999999999777e-03
-6.834999999999999930e-03
-3.210000000000000180e-03
7.079999999999999705e-04
4.291999999999999808e-03
6.026000000000000106e-03
6.374999999999999591e-03
4.252999999999999836e-03
1.066000000000000107e-03
-1.422000000000000087e-03
-2.171999999999999886e-03
-1.899000000000000080e-03
-1.708000000000000100e-03
-4.429999999999999802e-04
2.268000000000000051e-03
3.580999999999999982e-03
3.315999999999999937e-03
2.344999999999999862e-03
2.000000000000000164e-05
-1.595999999999999979e-03
-1.495999999999999934e-03
-1.250000000000000026e-03
-2.546999999999999785e-03
-4.612999999999999913e-03
-2.876999999999999783e-03
8.289999999999999843e-04
3.481000000000000153e-03
4.167999999999999830e-03
3.926999999999999935e-03
2.795999999999999874e-03
2.099999999999999884e-05
-3.893000000000000193e-03
-5.475999999999999965e-03
-3.089999999999999865e-03
-3.820000000000000153e-04
1.232999999999999938e-03
3.752999999999999826e-03
6.899999999999999883e-03
9.265000000000000666e-03
9.690000000000000696e-03
7.466999999999999679e-03
2.041999999999999978e-03
-3.529000000000000019e-03
-5.841999999999999971e-03
-6.749999999999999924e-03
-7.248000000000000102e-03
-7.936999999999999611e-03
-6.328000000000000291e-03
-9.779999999999999197e-04
3.469999999999999994e-03
5.313000000000000014e-03
5.329999999999999669e-03
3.850999999999999823e-03
1.386000000000000079e-03
-1.210000000000000002e-04
-2.157000000000000063e-03
-5.244000000000000397e-03
-7.993999999999999370e-03
-8.866999999999999882e-03
-6.787999999999999763e-03
-4.142999999999999981e-03
-3.618000000000000122e-03
-3.795999999999999895e-03
-2.151999999999999833e-03
1.077999999999999965e-03
3.516000000000000028e-03
4.691999999999999990e-03
4.714000000000000308e-03
2.508999999999999946e-03
1.087999999999999991e-03
1.356000000000000000e-03
1.652999999999999955e-03
2.462000000000000213e-03
2.686000000000000019e-03
1.413999999999999892e-03
-7.370000000000000249e-04
-2.912000000000000092e-03
-3.360999999999999838e-03
-2.959999999999999958e-03
-3.131000000000000102e-03
-4.664999999999999876e-03
-6.091000000000000060e-03
-6.400000000000000307e-03
-4.067000000000000302e-03
-1.008999999999999914e-03
4.789999999999999879e-04
1.688999999999999963e-03
1.624000000000000010e-03
1.299999999999999920e-05
-1.567999999999999949e-03
-2.475999999999999902e-03
-2.964000000000000055e-03
-3.508999999999999966e-03
-1.559999999999999972e-03
1.786000000000000044e-03
4.837000000000000154e-03
7.224000000000000386e-03
7.986999999999999308e-03
7.816000000000000031e-03
7.804000000000000173e-03
7.891000000000000444e-03
7.557999999999999614e-03
4.990999999999999777e-03
-1.069999999999999988e-04
-4.969000000000000326e-03
-6.803000000000000019e-03
-6.251999999999999745e-03
-4.642000000000000293e-03
-3.690000000000000138e-03
-3.811999999999999850e-03
-4.780999999999999660e-03
-5.950999999999999693e-03
-4.871000000000000330e-03
-3.089999999999999865e-03
-1.059999999999999961e-03
1.057999999999999913e-03
-2.369999999999999874e-04
-3.484000000000000118e-03
-5.226999999999999875e-03
-5.806999999999999662e-03
-5.154999999999999860e-03
-2.720999999999999894e-03
4.650000000000000270e-04
3.213999999999999843e-03
4.701999999999999583e-03
5.623999999999999659e-03
4.950000000000000407e-03
3.335999999999999990e-03
1.000000000000000021e-03
-1.830000000000000029e-03
-4.470000000000000015e-03
-5.422999999999999869e-03
-4.534999999999999969e-03
-2.034999999999999917e-03
1.150000000000000035e-04
1.685999999999999999e-03
4.354000000000000231e-03
6.950999999999999714e-03
6.919999999999999936e-03
4.281000000000000083e-03
2.660000000000000146e-04
-3.847000000000000159e-03
-6.506999999999999763e-03
-7.190000000000000210e-03
-5.976000000000000409e-03
-2.124000000000000020e-03
2.664999999999999834e-03
6.590000000000000371e-03
8.573000000000000759e-03
9.860999999999999974e-03
9.926000000000000795e-03
8.250999999999999654e-03
5.449999999999999983e-03
1.479000000000000063e-03
-2.567999999999999970e-03
-4.295000000000000207e-03
-4.558999999999999685e-03
-5.027000000000000218e-03
-4.095999999999999815e-03
-3.474000000000000091e-03
-3.608000000000000096e-03
-3.641000000000000139e-03
-3.524999999999999922e-03
-3.452000000000000207e-03
-3.444000000000000013e-03
-3.400999999999999943e-03
-3.333000000000000025e-03
-3.265999999999999806e-03
-3.207999999999999914e-03
-2.393999999999999861e-03
-9.890000000000000787e-04
-1.727000000000000019e-03
-2.752999999999999805e-03
-5.199999999999999680e-05
3.338999999999999954e-03
2.713999999999999833e-03
7.010000000000000172e-04
-6.560000000000000076e-04
-1.894999999999999983e-03
-3.226999999999999834e-03
-4.667000000000000141e-03
-5.199999999999999761e-03
-4.982000000000000317e-03
-4.887999999999999984e-03
-4.634000000000000098e-03
-2.753999999999999938e-03
6.560000000000000076e-04
4.811000000000000172e-03
7.525999999999999704e-03
6.602000000000000229e-03
4.721999999999999635e-03
2.896000000000000137e-03
8.419999999999999750e-04
2.489999999999999809e-04
5.760000000000000146e-04
8.520000000000000013e-04
2.484999999999999796e-03
5.148999999999999931e-03
6.017999999999999912e-03
4.893999999999999913e-03
3.482999999999999985e-03
4.098000000000000080e-03
3.118000000000000112e-03
1.005000000000000034e-03
8.369999999999999619e-04
1.296000000000000060e-03
1.332000000000000068e-03
1.296000000000000060e-03
1.062999999999999926e-03
-3.040000000000000167e-04
-1.170000000000000033e-03
-1.783999999999999996e-03
-3.065000000000000016e-03
-3.445999999999999844e-03
-2.831000000000000183e-03
-8.059999999999999673e-04
1.554999999999999959e-03
2.180000000000000080e-03
1.938999999999999968e-03
1.965000000000000167e-03
2.088000000000000012e-03
1.624999999999999925e-03
1.520000000000000084e-04
-4.899999999999999842e-04
-1.154000000000000078e-03
-7.889999999999999878e-04
1.663999999999999898e-03
2.880000000000000181e-03
2.612000000000000172e-03
1.639999999999999965e-03
2.120000000000000031e-04
-1.260999999999999968e-03
-2.184000000000000177e-03
-1.603000000000000041e-03
8.570000000000000144e-04
3.010000000000000089e-03
3.118000000000000112e-03
1.845000000000000069e-03
2.118999999999999790e-03
3.298000000000000150e-03
3.445000000000000145e-03
3.210999999999999879e-03
2.075000000000000022e-03
-4.659999999999999971e-04
-1.343000000000000010e-03
1.023000000000000038e-03
3.573999999999999920e-03
4.832999999999999623e-03
5.821999999999999918e-03
4.943000000000000345e-03
3.729000000000000110e-03
3.755999999999999790e-03
4.036999999999999790e-03
4.178000000000000290e-03
5.381000000000000366e-03
7.000000000000000146e-03
8.554000000000000839e-03
9.237999999999999684e-03
9.050000000000000752e-03
6.858000000000000380e-03
4.117000000000000000e-03
2.230999999999999910e-03
1.489999999999999897e-04
-1.899999999999999996e-03
-4.518000000000000314e-03
-4.277999999999999685e-03
-2.260999999999999989e-03
-5.360000000000000181e-04
7.349999999999999763e-04
1.453000000000000081e-03
5.079999999999999880e-04
-6.000000000000000152e-06
2.280000000000000126e-04
3.330000000000000169e-04
3.330000000000000169e-04
3.910000000000000172e-04
2.910000000000000260e-04
-1.809000000000000061e-03
-3.235000000000000028e-03
-1.329000000000000103e-03
7.810000000000000102e-04
1.809000000000000061e-03
2.147000000000000037e-03
2.625000000000000163e-03
4.891999999999999647e-03
6.158000000000000279e-03
5.307000000000000085e-03
2.831999999999999882e-03
1.041999999999999958e-03
1.033999999999999980e-03
1.327999999999999970e-03
1.399000000000000070e-03
1.451999999999999949e-03
1.606000000000000006e-03
2.582999999999999793e-03
2.687000000000000152e-03
1.685000000000000083e-03
1.546999999999999981e-03
1.789000000000000009e-03
1.830000000000000029e-03
1.851999999999999914e-03
1.975000000000000193e-03
2.011000000000000201e-03
2.020999999999999793e-03
2.147000000000000037e-03
2.377000000000000206e-03
3.445000000000000145e-03
3.261000000000000010e-03
2.304000000000000058e-03
2.232000000000000043e-03
1.463000000000000108e-03
-8.760000000000000425e-04
-8.249999999999999955e-04
1.962000000000000202e-03
3.181999999999999933e-03
2.772000000000000158e-03
2.693000000000000081e-03
2.945000000000000135e-03
3.034999999999999937e-03
3.027999999999999876e-03
3.057999999999999954e-03
3.132999999999999934e-03
3.200000000000000153e-03
3.245000000000000055e-03
3.268000000000000071e-03
3.268000000000000071e-03
1.582000000000000073e-03
-1.237999999999999951e-03
-1.740999999999999926e-03
-1.247999999999999977e-03
-1.170000000000000033e-03
-1.183999999999999940e-03
-1.043000000000000090e-03
-9.799999999999999684e-04
-9.449999999999999850e-04
-4.299999999999999894e-04
1.758000000000000014e-03
3.190999999999999826e-03
2.017000000000000130e-03
2.200000000000000078e-04
-6.059999999999999849e-04
-4.530000000000000064e-04
-1.069999999999999988e-03
-1.513999999999999938e-03
-3.550000000000000096e-04
1.669999999999999935e-04
-3.100000000000000135e-05
-6.430000000000000169e-04
-1.165000000000000020e-03
-1.219000000000000031e-03
-1.757000000000000098e-03
-5.900000000000000296e-04
6.300000000000000261e-04
6.859999999999999779e-04
5.410000000000000312e-04
6.279999999999999775e-04
7.420000000000000380e-04
3.699999999999999947e-04
-4.769999999999999934e-04
4.389999999999999914e-04
1.231000000000000106e-03
1.206999999999999957e-03
1.614999999999999899e-03
3.173000000000000039e-03
3.171999999999999906e-03
1.605000000000000090e-03
1.474999999999999966e-03
3.171999999999999906e-03
4.353000000000000098e-03
5.000000000000000104e-03
5.575000000000000094e-03
5.817000000000000122e-03
6.688000000000000368e-03
7.059000000000000170e-03
6.350999999999999875e-03
3.246999999999999886e-03
-2.310000000000000042e-04
-2.210999999999999858e-03
-5.557000000000000307e-03
-8.165000000000000382e-03
-9.381999999999999715e-03
-9.627000000000000141e-03
-9.502999999999999295e-03
-9.376999999999999919e-03
-9.660999999999999449e-03
-1.109500000000000069e-02
-1.183599999999999930e-02
-1.159699999999999967e-02
-1.125199999999999985e-02
-9.837999999999999523e-03
-8.193000000000000629e-03
-6.615000000000000220e-03
-5.093000000000000305e-03
-2.549000000000000050e-03
-6.899999999999999667e-04
1.074000000000000085e-03
4.350999999999999833e-03
8.685999999999999277e-03
1.049899999999999965e-02
1.042299999999999997e-02
1.086699999999999992e-02
9.846999999999999850e-03
7.564999999999999676e-03
4.712000000000000043e-03
4.041999999999999586e-03
4.488999999999999935e-03
4.597999999999999657e-03
4.578999999999999737e-03
4.716999999999999839e-03
4.701999999999999583e-03
3.412000000000000102e-03
6.459999999999999814e-04
-2.322999999999999978e-03
-5.026000000000000086e-03
-7.602000000000000250e-03
-8.283999999999999697e-03
-5.793999999999999671e-03
-4.033000000000000126e-03
-3.930999999999999599e-03
-3.044999999999999964e-03
-2.569000000000000103e-03
-3.896000000000000157e-03
-5.556000000000000175e-03
-6.453000000000000402e-03
-5.867999999999999952e-03
-3.423999999999999960e-03
-2.620000000000000258e-04
2.703000000000000107e-03
5.583000000000000289e-03
8.219000000000000611e-03
9.060999999999999610e-03
7.941999999999999407e-03
4.517000000000000182e-03
4.300000000000000165e-05
-3.997999999999999818e-03
-6.225999999999999764e-03
-8.011000000000000759e-03
-9.908000000000000140e-03
-9.275999999999999523e-03
-7.523000000000000173e-03
-7.262000000000000226e-03
-7.990999999999999839e-03
-9.450000000000000067e-03
-9.945000000000000714e-03
-9.492000000000000437e-03
-7.872000000000000525e-03
-5.279999999999999971e-03
-3.615000000000000158e-03
-1.562999999999999936e-03
4.060000000000000024e-04
-4.060000000000000024e-04
-2.490000000000000026e-03
-5.388000000000000428e-03
-6.852999999999999717e-03
-5.648000000000000242e-03
-2.743000000000000212e-03
8.100000000000000375e-05
1.655999999999999920e-03
3.043000000000000132e-03
3.771000000000000046e-03
1.886000000000000090e-03
-3.601000000000000034e-03
-1.050399999999999945e-02
-1.372300000000000082e-02
-1.261900000000000001e-02
-9.860000000000000708e-03
-6.851999999999999584e-03
-4.270999999999999623e-03
-4.196000000000000077e-03
-4.923000000000000292e-03
-2.815999999999999927e-03
6.650000000000000095e-04
3.543000000000000142e-03
4.955000000000000203e-03
4.968000000000000194e-03
4.291999999999999808e-03
2.190999999999999805e-03
1.252000000000000075e-03
3.928000000000000068e-03
7.145000000000000309e-03
8.099000000000000296e-03
7.191999999999999608e-03
5.715999999999999727e-03
5.431000000000000064e-03
5.695000000000000409e-03
5.766000000000000292e-03
5.793999999999999671e-03
5.932999999999999906e-03
5.841999999999999971e-03
3.478000000000000189e-03
-1.667999999999999995e-03
-5.965999999999999949e-03
-8.042000000000000537e-03
-8.307999999999999413e-03
-5.159000000000000391e-03
3.135999999999999899e-03
1.119000000000000029e-02
1.586399999999999963e-02
1.628399999999999986e-02
1.353599999999999942e-02
9.452999999999999597e-03
5.396999999999999888e-03
2.301000000000000094e-03
-1.345999999999999974e-03
-2.931000000000000012e-03
-2.488000000000000194e-03
-3.086999999999999900e-03
-3.399000000000000112e-03
-2.265999999999999785e-03
-1.851999999999999914e-03
-1.938999999999999968e-03
-1.912000000000000071e-03
-1.647999999999999942e-03
-2.660000000000000146e-04
1.317999999999999944e-03
2.321000000000000146e-03
1.570999999999999914e-03
1.760000000000000063e-03
2.315999999999999916e-03
1.441000000000000007e-03
3.680000000000000003e-04
-2.926000000000000215e-03
-7.360000000000000223e-03
-1.052799999999999916e-02
-9.402999999999999900e-03
-2.965999999999999887e-03
5.601000000000000076e-03
1.026600000000000082e-02
1.236899999999999979e-02
1.307700000000000008e-02
1.190899999999999945e-02
8.848999999999999228e-03
8.999999999999999754e-04
-8.066000000000000253e-03
-1.405499999999999979e-02
-1.680999999999999855e-02
-1.494499999999999995e-02
-9.844999999999999585e-03
-4.124000000000000062e-03
1.245000000000000013e-03
5.802999999999999999e-03
9.280999999999999320e-03
1.074600000000000034e-02
1.068299999999999979e-02
1.114799999999999992e-02
1.357000000000000046e-02
1.574499999999999858e-02
1.595200000000000090e-02
1.528499999999999998e-02
1.192600000000000084e-02
5.904000000000000394e-03
7.899999999999999579e-05
-5.982999999999999603e-03
-1.355999999999999914e-02
-1.600199999999999886e-02
-1.054500000000000055e-02
-1.278000000000000056e-03
7.468999999999999945e-03
1.243000000000000008e-02
1.332500000000000004e-02
1.167699999999999988e-02
8.011000000000000759e-03
1.968999999999999830e-03
-4.670999999999999805e-03
-9.346000000000000141e-03
-1.197800000000000080e-02
-1.204500000000000015e-02
-1.006899999999999983e-02
-7.017999999999999933e-03
-4.614000000000000046e-03
-4.866999999999999799e-03
-7.629000000000000364e-03
-1.068000000000000026e-02
-1.307900000000000035e-02
-1.353700000000000042e-02
-1.180800000000000079e-02
-1.005999999999999950e-02
-7.585999999999999861e-03
-3.951999999999999784e-03
2.709999999999999735e-04
3.374999999999999962e-03
4.151000000000000176e-03
3.139999999999999996e-03
7.720000000000000083e-04
-8.249999999999999955e-04
-4.910000000000000085e-04
1.660999999999999933e-03
4.734000000000000360e-03
7.675000000000000398e-03
9.423000000000000820e-03
8.262999999999999512e-03
4.030999999999999861e-03
-3.919999999999999873e-04
-3.930000000000000333e-03
-5.087999999999999641e-03
-3.771000000000000046e-03
-7.259999999999999743e-04
5.288000000000000166e-03
1.359899999999999998e-02
1.954799999999999940e-02
2.158900000000000055e-02
1.854199999999999945e-02
1.147800000000000036e-02
3.291999999999999788e-03
-3.562000000000000062e-03
-8.061000000000000457e-03
-9.110000000000000042e-03
-8.448000000000000648e-03
-6.133000000000000430e-03
-1.051999999999999984e-03
2.295000000000000165e-03
4.004999999999999880e-03
4.689999999999999725e-03
2.382000000000000003e-03
3.620000000000000171e-04
8.289999999999999843e-04
3.918999999999999741e-03
7.362999999999999753e-03
1.112299999999999921e-02
1.336599999999999941e-02
1.247900000000000051e-02
1.147100000000000029e-02
8.370000000000000703e-03
2.601000000000000013e-03
-1.990000000000000015e-03
-4.307000000000000065e-03
-6.662000000000000387e-03
-7.012000000000000004e-03
-4.113999999999999602e-03
5.559999999999999621e-04
5.033000000000000147e-03
7.931999999999999815e-03
8.101000000000000562e-03
5.117000000000000021e-03
-3.249999999999999851e-04
-5.607000000000000005e-03
-7.990000000000000574e-03
-6.716999999999999880e-03
-4.736999999999999891e-03
-2.067999999999999960e-03
1.874999999999999931e-03
5.316000000000000413e-03
3.805999999999999921e-03
-3.461000000000000101e-03
-1.452099999999999919e-02
-2.425899999999999931e-02
-2.781099999999999892e-02
-2.462900000000000159e-02
-1.607400000000000148e-02
-3.299999999999999982e-03
1.358999999999999965e-02
2.549699999999999883e-02
2.854200000000000140e-02
2.544899999999999940e-02
1.443700000000000018e-02
5.130000000000000011e-04
-7.681999999999999593e-03
-9.575999999999999443e-03
-7.781999999999999855e-03
-6.030999999999999903e-03
-5.917000000000000384e-03
-8.363000000000000642e-03
-9.398999999999999369e-03
-8.942999999999999561e-03
-8.425999999999999462e-03
-6.492999999999999640e-03
-3.310000000000000008e-03
-1.840000000000000001e-04
2.723999999999999859e-03
5.390999999999999959e-03
6.501999999999999967e-03
5.871999999999999616e-03
4.278999999999999818e-03
2.871999999999999987e-03
1.397000000000000021e-03
-1.781999999999999947e-03
-7.673000000000000133e-03
-1.569399999999999962e-02
-2.198200000000000154e-02
-2.187599999999999961e-02
-1.804599999999999954e-02
-1.318000000000000074e-02
-7.910999999999999630e-03
-4.213999999999999864e-03
-2.387999999999999932e-03
-1.250999999999999942e-03
-1.115000000000000106e-03
-2.083999999999999915e-03
-3.161999999999999880e-03
-6.006000000000000054e-03
-8.078999999999999376e-03
-8.926999999999999172e-03
-7.811000000000000235e-03
-6.062999999999999813e-03
-3.996000000000000420e-03
-1.049000000000000019e-03
2.121000000000000055e-03
6.370999999999999927e-03
1.222099999999999922e-02
1.822500000000000162e-02
2.145100000000000132e-02
1.686299999999999952e-02
6.967000000000000103e-03
-2.655999999999999941e-03
-6.224999999999999631e-03
-3.730999999999999941e-03
-1.499999999999999869e-04
2.632999999999999924e-03
4.309000000000000330e-03
3.165999999999999977e-03
-2.590000000000000071e-04
-4.181999999999999953e-03
-6.167999999999999872e-03
-7.959000000000000796e-03
-8.522000000000000061e-03
-6.039000000000000097e-03
-4.285999999999999879e-03
-3.886000000000000131e-03
-1.701000000000000038e-03
3.847000000000000159e-03
1.255500000000000019e-02
2.240199999999999830e-02
2.938800000000000093e-02
2.444500000000000145e-02
1.142400000000000013e-02
-1.523000000000000048e-03
-1.341999999999999964e-02
-2.214299999999999949e-02
-2.404799999999999993e-02
-2.247800000000000145e-02
-1.981600000000000028e-02
-1.627199999999999827e-02
-1.204799999999999968e-02
-8.720000000000000320e-03
-7.304999999999999861e-03
-5.309000000000000351e-03
-3.161000000000000181e-03
-3.119999999999999944e-03
-7.849999999999999339e-03
-1.648600000000000065e-02
-2.462100000000000052e-02
-3.003700000000000120e-02
-3.199400000000000160e-02
-3.127699999999999925e-02
-2.483799999999999897e-02
-1.245199999999999953e-02
-8.700000000000000051e-05
8.498999999999999611e-03
1.212700000000000063e-02
1.442200000000000079e-02
1.729299999999999934e-02
2.028699999999999948e-02
2.247800000000000145e-02
2.279399999999999829e-02
2.134700000000000139e-02
1.963300000000000115e-02
1.869699999999999834e-02
1.685599999999999946e-02
1.364100000000000035e-02
1.048100000000000073e-02
5.612999999999999934e-03
-3.910000000000000172e-04
-6.112000000000000245e-03
-1.026600000000000082e-02
-1.009799999999999934e-02
-6.630999999999999742e-03
-9.539999999999999869e-04
5.944999999999999764e-03
9.518999999999999684e-03
8.727999999999999647e-03
6.577000000000000381e-03
2.494999999999999822e-03
-3.493000000000000011e-03
-6.668999999999999581e-03
-8.949999999999999623e-03
-8.968999999999999542e-03
-6.011999999999999983e-03
-2.684000000000000188e-03
4.840000000000000010e-04
5.500999999999999814e-03
1.184299999999999936e-02
1.762800000000000131e-02
2.043800000000000130e-02
2.068000000000000047e-02
2.190800000000000039e-02
2.293099999999999999e-02
2.268600000000000130e-02
1.909699999999999939e-02
5.632999999999999986e-03
-1.534600000000000027e-02
-3.266800000000000259e-02
-4.085600000000000342e-02
-4.186299999999999744e-02
-3.734500000000000319e-02
-2.927700000000000094e-02
-1.968299999999999911e-02
-9.376999999999999919e-03
1.134999999999999941e-03
1.034799999999999956e-02
1.703999999999999959e-02
1.909100000000000033e-02
1.718000000000000083e-02
1.465799999999999916e-02
1.102999999999999987e-02
8.113999999999999685e-03
8.056999999999999926e-03
7.938999999999999876e-03
5.977999999999999807e-03
2.820000000000000024e-03
9.399999999999999719e-04
6.899999999999999667e-05
4.490000000000000176e-04
2.112000000000000162e-03
3.049000000000000061e-03
3.867000000000000211e-03
5.729999999999999850e-03
1.017700000000000028e-02
1.751199999999999979e-02
2.508499999999999966e-02
3.091500000000000151e-02
3.409199999999999731e-02
3.499200000000000227e-02
3.245300000000000268e-02
2.517600000000000046e-02
1.561500000000000041e-02
5.024999999999999953e-03
-3.005999999999999991e-03
-6.989999999999999686e-03
-8.899999999999999925e-03
-1.140399999999999921e-02
-1.776399999999999854e-02
-2.862800000000000067e-02
-4.042699999999999766e-02
-4.969200000000000006e-02
-5.551099999999999784e-02
-5.582999999999999768e-02
-4.926099999999999923e-02
-3.606800000000000284e-02
-1.662599999999999842e-02
2.406999999999999851e-03
1.607600000000000001e-02
2.121599999999999875e-02
2.173800000000000038e-02
1.935999999999999874e-02
1.659100000000000158e-02
1.423400000000000012e-02
8.359999999999999376e-03
-2.289999999999999935e-03
-1.069999999999999944e-02
-1.117399999999999990e-02
-8.455000000000000709e-03
-4.414999999999999654e-03
1.642999999999999929e-03
7.834999999999999951e-03
1.297899999999999922e-02
1.716099999999999917e-02
2.007400000000000156e-02
2.138200000000000170e-02
2.190200000000000133e-02
1.895300000000000110e-02
1.316600000000000062e-02
8.580000000000000820e-03
4.805000000000000243e-03
6.980000000000000527e-04
-4.466999999999999617e-03
-1.115700000000000025e-02
-1.673900000000000041e-02
-1.793900000000000008e-02
-1.512699999999999982e-02
-8.991000000000000728e-03
-2.116999999999999958e-03
2.641999999999999817e-03
3.357999999999999874e-03
5.529999999999999976e-04
-2.266999999999999918e-03
-3.415000000000000067e-03
-5.559999999999999838e-03
-1.251400000000000082e-02
-2.347000000000000128e-02
-3.067900000000000141e-02
-3.079899999999999999e-02
-2.459799999999999834e-02
-1.488699999999999919e-02
-2.716999999999999797e-03
6.301000000000000177e-03
9.140999999999999820e-03
5.712000000000000063e-03
3.319999999999999926e-04
-1.933999999999999955e-03
-1.593000000000000015e-03
-1.002999999999999985e-03
1.438000000000000042e-03
8.861000000000000820e-03
1.859399999999999942e-02
2.731400000000000147e-02
3.425999999999999879e-02
3.925700000000000023e-02
4.096500000000000141e-02
3.925200000000000217e-02
3.419900000000000023e-02
2.822200000000000056e-02
2.357300000000000020e-02
1.721400000000000013e-02
7.818999999999999562e-03
2.959999999999999849e-04
-5.583000000000000289e-03
-1.456700000000000009e-02
-2.573500000000000093e-02
-3.166700000000000070e-02
-2.952700000000000116e-02
-2.345399999999999915e-02
-1.607600000000000001e-02
-6.620000000000000016e-03
1.853000000000000046e-03
6.916000000000000272e-03
7.518999999999999642e-03
4.824000000000000163e-03
1.801000000000000083e-03
2.259999999999999910e-04
-1.216000000000000067e-03
-3.967000000000000040e-03
-7.662000000000000408e-03
-1.283600000000000019e-02
-1.843900000000000053e-02
-2.382300000000000043e-02
-2.794900000000000162e-02
-3.063499999999999904e-02
-3.256499999999999673e-02
-3.299400000000000249e-02
-3.157800000000000190e-02
-2.839699999999999863e-02
-2.288700000000000109e-02
-1.569699999999999915e-02
-9.169000000000000067e-03
-4.571999999999999675e-03
-3.044999999999999964e-03
-4.398000000000000000e-03
-5.982999999999999603e-03
-7.927000000000000018e-03
-1.233199999999999921e-02
-1.943699999999999942e-02
-2.748899999999999955e-02
-3.398299999999999932e-02
-3.563399999999999901e-02
-3.082100000000000117e-02
-2.160499999999999921e-02
-1.019199999999999967e-02
-2.356000000000000021e-03
2.799999999999999958e-05
2.649999999999999903e-04
-4.119999999999999856e-04
-1.830999999999999945e-03
-2.186000000000000009e-03
-2.086999999999999880e-03
-3.370000000000000166e-03
-4.954000000000000070e-03
-6.989000000000000420e-03
-9.678000000000000838e-03
-1.149999999999999981e-02
-1.272900000000000073e-02
-1.361700000000000063e-02
-1.300600000000000020e-02
-9.818999999999999603e-03
-4.219999999999999793e-03
1.879999999999999944e-03
7.197000000000000272e-03
9.279000000000000789e-03
8.307000000000000148e-03
6.722999999999999809e-03
9.280000000000000054e-03
1.697200000000000097e-02
2.502400000000000110e-02
2.995199999999999946e-02
2.884199999999999958e-02
2.523299999999999849e-02
2.261600000000000069e-02
2.156800000000000037e-02
2.089099999999999985e-02
1.696900000000000144e-02
9.494000000000000702e-03
-2.090999999999999977e-03
-1.479800000000000039e-02
-2.042100000000000165e-02
-1.909399999999999986e-02
-1.535899999999999939e-02
-1.212200000000000083e-02
-1.236399999999999999e-02
-1.443400000000000065e-02
-1.720000000000000001e-02
-1.913700000000000123e-02
-1.843699999999999853e-02
-1.357399999999999926e-02
-2.772000000000000158e-03
1.254700000000000086e-02
3.018600000000000103e-02
4.505699999999999983e-02
5.493599999999999872e-02
5.875400000000000067e-02
5.800799999999999707e-02
5.141699999999999743e-02
3.835100000000000314e-02
2.593799999999999925e-02
1.992899999999999880e-02
1.858399999999999982e-02
1.860699999999999854e-02
1.751600000000000032e-02
1.494400000000000069e-02
9.142000000000000820e-03
4.628000000000000169e-03
2.256999999999999892e-03
1.882999999999999908e-03
1.962000000000000202e-03
1.567000000000000033e-03
5.519999999999999733e-03
1.302799999999999965e-02
1.926599999999999840e-02
2.190900000000000139e-02
1.843200000000000047e-02
8.220999999999999142e-03
-7.387000000000000337e-03
-2.488299999999999887e-02
-3.743500000000000300e-02
-4.145299999999999679e-02
-3.936100000000000015e-02
-3.149400000000000116e-02
-1.796999999999999986e-02
-3.170000000000000075e-04
1.817099999999999965e-02
3.427899999999999697e-02
4.208300000000000235e-02
3.785199999999999676e-02
2.531200000000000117e-02
1.226499999999999986e-02
2.980000000000000010e-03
6.679999999999999740e-04
2.691999999999999948e-03
4.133999999999999654e-03
3.963000000000000377e-03
3.869000000000000043e-03
5.376999999999999835e-03
9.372999999999999388e-03
1.323599999999999950e-02
1.405900000000000032e-02
1.128599999999999916e-02
5.230000000000000274e-03
-2.896999999999999836e-03
-1.271399999999999961e-02
-2.512700000000000003e-02
-3.788699999999999707e-02
-5.116400000000000114e-02
-6.168900000000000078e-02
-6.439100000000000379e-02
-5.846400000000000208e-02
-4.432300000000000129e-02
-2.316299999999999956e-02
1.672000000000000092e-03
2.495299999999999949e-02
4.173500000000000126e-02
5.055899999999999977e-02
5.326999999999999791e-02
5.235399999999999776e-02
4.979800000000000199e-02
4.484699999999999798e-02
3.904799999999999938e-02
3.505699999999999789e-02
3.207499999999999934e-02
2.787200000000000094e-02
2.328699999999999867e-02
1.683600000000000027e-02
8.786000000000000407e-03
1.456999999999999962e-03
-4.994000000000000175e-03
-8.408999999999999808e-03
-8.415999999999999870e-03
-7.805000000000000306e-03
-6.552999999999999797e-03
-5.729999999999999850e-03
-8.814999999999999919e-03
-1.559800000000000075e-02
-2.099300000000000124e-02
-2.255700000000000066e-02
-2.163500000000000145e-02
-1.779100000000000126e-02
-1.224100000000000014e-02
-8.425000000000000197e-03
-5.624999999999999792e-03
1.039999999999999936e-04
8.748000000000000567e-03
1.596799999999999956e-02
1.987200000000000077e-02
2.025199999999999917e-02
1.831899999999999848e-02
1.279699999999999935e-02
2.165999999999999957e-03
-8.795000000000000734e-03
-1.919300000000000173e-02
-2.604000000000000065e-02
-2.642800000000000010e-02
-2.467099999999999849e-02
-2.075899999999999967e-02
-1.558099999999999936e-02
-1.523300000000000001e-02
-2.329300000000000120e-02
-3.352900000000000325e-02
-3.924799999999999817e-02
-4.015500000000000319e-02
-3.947400000000000214e-02
-3.597899999999999709e-02
-2.700200000000000169e-02
-1.553000000000000040e-02
-5.060000000000000261e-03
1.806000000000000097e-03
4.575000000000000074e-03
1.706999999999999967e-03
-3.720000000000000216e-03
-5.036999999999999811e-03
-2.060000000000000199e-03
1.420000000000000092e-04
-2.334000000000000137e-03
-7.401999999999999726e-03
-1.321800000000000058e-02
-1.727700000000000069e-02
-1.769199999999999939e-02
-1.114399999999999939e-02
8.490000000000000368e-04
1.335599999999999982e-02
2.302099999999999980e-02
2.709800000000000056e-02
2.891399999999999873e-02
2.867899999999999963e-02
2.492700000000000124e-02
1.756299999999999875e-02
9.499999999999999764e-03
4.734999999999999626e-03
3.419000000000000164e-03
2.403999999999999887e-03
5.450000000000000200e-04
-3.828999999999999938e-03
-9.653999999999999387e-03
-1.272900000000000073e-02
-8.828000000000000777e-03
3.469999999999999777e-04
1.239200000000000024e-02
2.300999999999999920e-02
2.812699999999999922e-02
2.933499999999999996e-02
2.920400000000000079e-02
2.859700000000000089e-02
2.727600000000000163e-02
2.785100000000000076e-02
2.932299999999999837e-02
2.786399999999999988e-02
2.451199999999999907e-02
2.105100000000000027e-02
1.785700000000000134e-02
1.588799999999999935e-02
1.206300000000000081e-02
5.798000000000000202e-03
-2.694000000000000214e-03
-1.365500000000000047e-02
-2.521500000000000130e-02
-3.375199999999999728e-02
-3.874199999999999866e-02
-4.015599999999999725e-02
-3.776700000000000196e-02
-3.423500000000000154e-02
-3.072199999999999931e-02
-2.687600000000000058e-02
-2.513599999999999862e-02
-2.664300000000000002e-02
-2.772900000000000018e-02
-2.716400000000000065e-02
-2.309100000000000041e-02
-1.455900000000000076e-02
-4.965999999999999928e-03
4.074999999999999629e-03
1.259399999999999929e-02
1.872100000000000153e-02
2.141699999999999854e-02
2.260399999999999909e-02
2.475099999999999870e-02
2.800000000000000058e-02
3.106799999999999840e-02
3.367699999999999860e-02
3.517599999999999894e-02
3.596499999999999697e-02
3.437699999999999784e-02
3.013199999999999906e-02
2.317100000000000062e-02
1.425099999999999978e-02
4.913999999999999965e-03
-6.870000000000000022e-04
-5.715999999999999727e-03
-1.285200000000000058e-02
-1.896600000000000022e-02
-2.273499999999999827e-02
-2.453899999999999831e-02
-2.301399999999999973e-02
-1.913099999999999870e-02
-1.475199999999999949e-02
-1.125499999999999938e-02
-1.008700000000000048e-02
-1.031299999999999925e-02
-9.223999999999999561e-03
-5.148999999999999931e-03
-9.600000000000000243e-04
1.879000000000000028e-03
4.131000000000000123e-03
3.644000000000000104e-03
4.920000000000000328e-04
-6.189999999999999756e-04
-1.574000000000000095e-03
-4.022999999999999667e-03
-5.564000000000000369e-03
-7.612999999999999975e-03
-1.261800000000000074e-02
-2.192699999999999858e-02
-3.059399999999999967e-02
-3.526699999999999974e-02
-3.610599999999999921e-02
-3.557099999999999845e-02
-3.392200000000000076e-02
-2.673800000000000135e-02
-1.405900000000000032e-02
1.632999999999999903e-03
1.766099999999999962e-02
3.110299999999999870e-02
3.776399999999999896e-02
3.679400000000000032e-02
3.469099999999999961e-02
3.361000000000000099e-02
3.451300000000000201e-02
3.745400000000000118e-02
4.032000000000000167e-02
4.182299999999999907e-02
4.321300000000000141e-02
4.469900000000000262e-02
4.588899999999999924e-02
4.459699999999999775e-02
4.058200000000000002e-02
3.270100000000000090e-02
2.143099999999999866e-02
1.021400000000000086e-02
8.040000000000000271e-04
-4.572999999999999808e-03
-6.588000000000000106e-03
-6.991999999999999951e-03
-7.609000000000000312e-03
-9.043000000000000690e-03
-1.072599999999999942e-02
-1.366599999999999933e-02
-1.805199999999999860e-02
-2.238000000000000059e-02
-2.651299999999999837e-02
-3.051200000000000093e-02
-3.351799999999999918e-02
-3.671399999999999664e-02
-4.098299999999999860e-02
-4.479500000000000148e-02
-4.722200000000000009e-02
-4.840400000000000258e-02
-4.742400000000000088e-02
-4.172599999999999920e-02
-3.418000000000000205e-02
-2.799499999999999905e-02
-2.232900000000000162e-02
-1.645200000000000135e-02
-1.223300000000000082e-02
-1.014400000000000024e-02
-9.596000000000000363e-03
-6.440000000000000412e-03
2.373999999999999808e-03
1.561000000000000061e-02
3.154200000000000059e-02
4.846400000000000013e-02
6.109799999999999953e-02
6.557599999999999540e-02
6.346300000000000552e-02
5.453100000000000308e-02
4.028600000000000236e-02
2.036999999999999922e-02
-2.739000000000000115e-03
-2.131900000000000114e-02
-3.289700000000000263e-02
-3.711199999999999916e-02
-3.306499999999999717e-02
-2.517399999999999846e-02
-1.652299999999999949e-02
-7.141999999999999911e-03
2.279000000000000210e-03
8.451000000000000179e-03
1.127399999999999930e-02
1.274300000000000085e-02
1.420699999999999914e-02
1.607799999999999854e-02
1.848299999999999943e-02
1.866500000000000103e-02
1.609000000000000014e-02
1.414499999999999959e-02
1.424199999999999945e-02
1.465200000000000009e-02
1.469200000000000020e-02
1.460900000000000046e-02
1.302500000000000012e-02
9.964999999999999900e-03
7.013000000000000136e-03
4.728999999999999697e-03
2.860999999999999828e-03
9.049999999999999885e-04
3.009999999999999980e-04
-1.358000000000000049e-03
-4.379000000000000080e-03
-7.622000000000000303e-03
-1.204399999999999915e-02
-1.732300000000000159e-02
-1.903200000000000031e-02
-1.834500000000000020e-02
-1.846400000000000124e-02
-2.117000000000000132e-02
-2.422200000000000047e-02
-2.816300000000000053e-02
-3.389799999999999758e-02
-4.175000000000000239e-02
-5.069599999999999801e-02
-5.520599999999999813e-02
-5.572900000000000076e-02
-5.296200000000000213e-02
-4.379799999999999666e-02
-2.603300000000000058e-02
7.730000000000000326e-04
3.019300000000000109e-02
5.733599999999999808e-02
7.848299999999999721e-02
9.203799999999999482e-02
9.833999999999999686e-02
9.729100000000000248e-02
8.550499999999999767e-02
6.330500000000000016e-02
3.785100000000000270e-02
1.755900000000000169e-02
1.985999999999999918e-03
-1.203100000000000003e-02
-2.244600000000000067e-02
-2.830999999999999836e-02
-3.068800000000000000e-02
-3.003300000000000067e-02
-2.717100000000000071e-02
-2.397699999999999831e-02
-2.101199999999999943e-02
-1.943800000000000042e-02
-2.240800000000000083e-02
-2.807400000000000173e-02
-3.352900000000000325e-02
-3.539400000000000185e-02
-3.493399999999999977e-02
-3.470499999999999974e-02
-3.476699999999999929e-02
-3.370000000000000079e-02
-2.887299999999999936e-02
-1.994200000000000139e-02
-8.762000000000000691e-03
2.180000000000000080e-03
9.178999999999999659e-03
1.332099999999999951e-02
1.829599999999999976e-02
2.571899999999999881e-02
3.246500000000000080e-02
3.648499999999999660e-02
3.609600000000000308e-02
2.975099999999999967e-02
1.814400000000000041e-02
4.129999999999999991e-03
-9.563000000000000320e-03
-2.486299999999999968e-02
-4.028000000000000330e-02
-5.095700000000000229e-02
-5.514000000000000151e-02
-5.005699999999999733e-02
-3.860399999999999943e-02
-2.495100000000000096e-02
-1.067199999999999920e-02
3.160000000000000048e-03
1.571900000000000033e-02
2.645199999999999982e-02
3.379900000000000265e-02
3.772899999999999865e-02
3.834599999999999814e-02
3.688400000000000012e-02
3.538899999999999685e-02
3.331499999999999739e-02
2.896500000000000116e-02
2.315899999999999903e-02
1.254599999999999986e-02
2.519999999999999996e-04
-8.054999999999999660e-03
-1.156699999999999916e-02
-9.159000000000000474e-03
-4.473000000000000413e-03
-2.930000000000000204e-04
5.046000000000000138e-03
9.683999999999999900e-03
1.249699999999999943e-02
1.447299999999999975e-02
1.587999999999999828e-02
1.714200000000000099e-02
1.611999999999999891e-02
1.306200000000000069e-02
9.601999999999999424e-03
4.702999999999999715e-03
-3.429999999999999889e-04
-4.368000000000000355e-03
-6.675999999999999643e-03
-6.642999999999999600e-03
-6.235000000000000091e-03
-7.016999999999999800e-03
-9.450999999999999332e-03
-1.116100000000000078e-02
-1.081099999999999943e-02
-8.607999999999999333e-03
-6.187999999999999924e-03
-6.442999999999999942e-03
-9.265000000000000666e-03
-1.239799999999999930e-02
-1.511900000000000049e-02
-1.776300000000000101e-02
-1.986900000000000124e-02
-2.019599999999999868e-02
-1.871600000000000000e-02
-1.607300000000000048e-02
-1.354700000000000001e-02
-7.235000000000000112e-03
3.249999999999999851e-03
1.478999999999999933e-02
2.439099999999999949e-02
3.071000000000000119e-02
3.292199999999999988e-02
3.379599999999999965e-02
3.227499999999999813e-02
2.890200000000000061e-02
2.418199999999999864e-02
1.921000000000000138e-02
1.433599999999999978e-02
8.857999999999999555e-03
5.329999999999999669e-03
5.381000000000000366e-03
7.589000000000000259e-03
1.068200000000000052e-02
1.383999999999999987e-02
1.678899999999999837e-02
1.950800000000000103e-02
2.112500000000000142e-02
2.290299999999999975e-02
2.522599999999999842e-02
2.602300000000000099e-02
2.558300000000000157e-02
2.322400000000000159e-02
2.021299999999999833e-02
1.637500000000000067e-02
1.080700000000000063e-02
4.872999999999999728e-03
-7.680000000000000195e-04
-6.001000000000000258e-03
-8.815999999999999184e-03
-1.133699999999999986e-02
-1.408099999999999977e-02
-1.700399999999999828e-02
-1.973899999999999960e-02
-2.225600000000000148e-02
-2.377800000000000052e-02
-2.448300000000000129e-02
-2.503400000000000070e-02
-2.727299999999999863e-02
-3.033500000000000085e-02
-3.313399999999999679e-02
-3.553400000000000308e-02
-3.546799999999999953e-02
-3.083199999999999830e-02
-2.429399999999999962e-02
-1.806299999999999920e-02
-1.220500000000000057e-02
-6.935000000000000192e-03
-3.144000000000000093e-03
6.729999999999999871e-04
5.246999999999999928e-03
9.820000000000000603e-03
1.361000000000000057e-02
1.828400000000000164e-02
2.283500000000000113e-02
2.479200000000000154e-02
2.529400000000000051e-02
2.243300000000000155e-02
1.630699999999999858e-02
8.864999999999999616e-03
3.330000000000000061e-03
6.019999999999999961e-04
6.549999999999999833e-04
3.213999999999999843e-03
4.726000000000000166e-03
3.930999999999999599e-03
1.278999999999999972e-03
-4.968000000000000194e-03
-1.451999999999999992e-02
-2.143700000000000119e-02
-2.426199999999999884e-02
-2.454299999999999884e-02
-2.334100000000000064e-02
-2.070900000000000171e-02
-1.882400000000000045e-02
-1.754199999999999857e-02
-1.730200000000000141e-02
-1.879499999999999921e-02
-2.026499999999999829e-02
-2.047500000000000014e-02
-2.063100000000000003e-02
-2.183399999999999924e-02
-2.348499999999999893e-02
-2.489399999999999946e-02
-2.727800000000000016e-02
-3.001300000000000148e-02
-3.106599999999999986e-02
-2.925600000000000075e-02
-2.318200000000000122e-02
-1.484700000000000082e-02
-6.199999999999999782e-03
1.871000000000000050e-03
8.422999999999999932e-03
1.134300000000000065e-02
1.229399999999999937e-02
1.369500000000000058e-02
1.544000000000000060e-02
1.633099999999999830e-02
1.623899999999999996e-02
1.618800000000000100e-02
1.605499999999999983e-02
1.363200000000000002e-02
1.129100000000000069e-02
1.080500000000000037e-02
8.909000000000000252e-03
4.707000000000000246e-03
-9.690000000000000262e-04
-6.753000000000000322e-03
-1.154600000000000071e-02
-1.292699999999999926e-02
-1.223199999999999982e-02
-9.676000000000000573e-03
-4.194999999999999944e-03
3.370000000000000057e-04
2.327000000000000075e-03
1.193000000000000050e-03
-2.049000000000000040e-03
-5.061000000000000394e-03
-7.122999999999999991e-03
-7.127999999999999788e-03
-6.008000000000000319e-03
-2.121000000000000055e-03
5.180999999999999842e-03
1.225399999999999927e-02
1.749600000000000113e-02
2.103999999999999967e-02
2.371900000000000050e-02
2.528700000000000045e-02
2.540099999999999997e-02
2.480800000000000019e-02
2.157200000000000090e-02
1.543399999999999980e-02
9.376000000000000653e-03
3.141999999999999828e-03
-1.533000000000000074e-03
-5.074000000000000385e-03
-6.296000000000000381e-03
-5.872999999999999748e-03
-5.612999999999999934e-03
-5.727999999999999585e-03
-5.687000000000000215e-03
-5.520999999999999866e-03
-4.523000000000000111e-03
-1.951999999999999959e-03
-2.770000000000000110e-04
-2.999999999999999737e-04
-4.589999999999999896e-04
-3.530000000000000152e-04
-2.519999999999999996e-04
-3.999999999999999819e-06
1.757000000000000098e-03
5.347000000000000190e-03
1.077600000000000086e-02
1.594100000000000031e-02
2.036800000000000069e-02
2.542399999999999868e-02
2.806900000000000020e-02
2.995499999999999899e-02
3.288399999999999657e-02
3.471899999999999986e-02
3.444500000000000339e-02
3.236699999999999994e-02
2.754099999999999951e-02
1.747500000000000095e-02
5.849000000000000032e-03
-3.899000000000000122e-03
-1.051200000000000051e-02
-1.362900000000000049e-02
-1.342299999999999917e-02
-1.061999999999999923e-02
-4.642000000000000293e-03
5.124000000000000082e-03
1.519799999999999970e-02
2.296000000000000124e-02
2.683899999999999827e-02
2.817100000000000160e-02
2.810899999999999857e-02
2.625399999999999956e-02
2.164800000000000058e-02
1.624799999999999855e-02
1.276500000000000030e-02
9.442000000000000740e-03
6.390999999999999980e-03
4.608000000000000117e-03
2.567999999999999970e-03
1.049000000000000019e-03
-9.309999999999999699e-04
-4.537000000000000234e-03
-7.971999999999999920e-03
-1.103400000000000040e-02
-1.464500000000000003e-02
-1.706900000000000084e-02
-1.812799999999999828e-02
-2.015199999999999977e-02
-2.200600000000000125e-02
-2.211000000000000118e-02
-2.139500000000000082e-02
-1.933999999999999955e-02
-1.698600000000000110e-02
-1.663800000000000001e-02
-1.932299999999999990e-02
-2.361100000000000004e-02
-2.792299999999999990e-02
-3.096099999999999894e-02
-3.139299999999999730e-02
-3.113700000000000148e-02
-3.332299999999999846e-02
-3.566899999999999932e-02
-3.432799999999999740e-02
-3.216100000000000209e-02
-2.801400000000000071e-02
-1.982799999999999840e-02
-1.061899999999999997e-02
-2.716000000000000098e-03
1.923000000000000013e-03
4.421999999999999716e-03
6.040000000000000230e-03
5.298999999999999891e-03
3.601000000000000034e-03
1.662000000000000066e-03
-5.130000000000000011e-04
-2.979999999999999793e-04
2.537999999999999892e-03
4.438000000000000105e-03
4.395999999999999734e-03
4.218000000000000395e-03
4.428999999999999777e-03
4.501999999999999925e-03
4.362000000000000426e-03
3.014999999999999885e-03
4.800000000000000122e-04
-4.769999999999999934e-04
-1.179999999999999951e-04
3.600000000000000091e-05
0.000000000000000000e+00
2.629999999999999959e-04
2.118999999999999790e-03
5.344999999999999925e-03
8.380000000000000296e-03
1.009499999999999981e-02
1.040199999999999979e-02
1.185199999999999969e-02
1.499100000000000085e-02
1.808099999999999985e-02
2.011699999999999947e-02
2.151300000000000087e-02
2.367500000000000160e-02
2.379799999999999971e-02
2.141500000000000001e-02
1.554600000000000079e-02
7.229000000000000183e-03
-1.124999999999999915e-03
-7.184000000000000281e-03
-1.189300000000000079e-02
-1.336900000000000067e-02
-1.081000000000000016e-02
-7.392000000000000133e-03
-4.537000000000000234e-03
-1.742999999999999975e-03
8.919999999999999978e-04
1.881999999999999992e-03
1.008999999999999914e-03
-1.451999999999999949e-03
-4.420999999999999583e-03
-7.399000000000000195e-03
-1.149200000000000048e-02
-1.537799999999999931e-02
-1.811000000000000110e-02
-2.060999999999999985e-02
-2.225500000000000048e-02
-2.236099999999999893e-02
-2.170400000000000107e-02
-1.962500000000000008e-02
-1.581700000000000120e-02
-1.035999999999999942e-02
-4.878999999999999657e-03
-4.620000000000000083e-04
2.327000000000000075e-03
3.725000000000000012e-03
5.931999999999999773e-03
7.785000000000000253e-03
7.979999999999999247e-03
7.421999999999999778e-03
5.403999999999999949e-03
3.108999999999999785e-03
1.753999999999999917e-03
-3.980000000000000248e-04
-2.138999999999999842e-03
-3.897999999999999989e-03
-6.021999999999999575e-03
-6.590999999999999637e-03
-6.279999999999999992e-03
-5.983999999999999736e-03
-4.329999999999999648e-03
-1.240000000000000000e-03
1.840000000000000056e-03
3.827000000000000107e-03
4.983999999999999715e-03
4.918999999999999762e-03
3.995000000000000287e-03
3.876999999999999804e-03
4.008000000000000278e-03
2.224999999999999981e-03
-5.720000000000000258e-04
-9.849999999999999815e-04
-4.749999999999999990e-04
-4.470000000000000232e-04
-5.460000000000000443e-04
-1.588000000000000002e-03
-4.056999999999999842e-03
-6.081999999999999733e-03
-8.762000000000000691e-03
-1.090099999999999923e-02
-1.300199999999999967e-02
-1.479199999999999959e-02
-1.613900000000000057e-02
-1.697500000000000051e-02
-1.644599999999999881e-02
-1.382700000000000075e-02
-9.997999999999999943e-03
-6.237000000000000356e-03
-2.690999999999999816e-03
5.180000000000000143e-04
2.805000000000000202e-03
4.196000000000000077e-03
5.472999999999999567e-03
5.785000000000000211e-03
6.000000000000000125e-03
7.042999999999999781e-03
7.230000000000000315e-03
8.989000000000000462e-03
1.219499999999999924e-02
1.497000000000000067e-02
1.599599999999999980e-02
1.592299999999999965e-02
1.588799999999999935e-02
1.582799999999999832e-02
1.376800000000000072e-02
1.112400000000000021e-02
1.132099999999999947e-02
1.391500000000000029e-02
1.696299999999999891e-02
1.992700000000000027e-02
2.423600000000000060e-02
2.961099999999999843e-02
3.175100000000000144e-02
3.126899999999999819e-02
3.104000000000000162e-02
3.014999999999999972e-02
2.768599999999999881e-02
2.562299999999999994e-02
2.295200000000000018e-02
2.223199999999999829e-02
2.507500000000000007e-02
2.852299999999999974e-02
3.106000000000000080e-02
3.198100000000000248e-02
3.073100000000000137e-02
2.633299999999999877e-02
2.041400000000000159e-02
1.466399999999999995e-02
9.282999999999999585e-03
3.687000000000000173e-03
-1.570999999999999914e-03
-5.692000000000000011e-03
-9.795999999999999153e-03
-1.394500000000000080e-02
-1.679299999999999890e-02
-1.949400000000000091e-02
-2.125200000000000006e-02
-2.104200000000000167e-02
-2.067199999999999940e-02
-2.056799999999999948e-02
-1.903600000000000084e-02
-1.586500000000000063e-02
-1.276799999999999984e-02
-9.915000000000000202e-03
-6.984999999999999890e-03
-4.488999999999999935e-03
-4.559999999999999817e-03
-5.131000000000000144e-03
-2.912999999999999791e-03
-3.750000000000000078e-04
1.082999999999999978e-03
3.340999999999999786e-03
5.251999999999999724e-03
6.714000000000000350e-03
7.962999999999999592e-03
7.205999999999999732e-03
3.412000000000000102e-03
-2.719999999999999979e-04
-3.775000000000000144e-03
-6.361000000000000335e-03
-8.293000000000000024e-03
-8.508999999999999203e-03
-7.934000000000000080e-03
-6.944999999999999785e-03
-6.753999999999999587e-03
-6.856000000000000115e-03
-6.728999999999999738e-03
-6.602000000000000229e-03
-6.800999999999999754e-03
-8.141999999999999932e-03
-9.131000000000000227e-03
-1.044999999999999922e-02
-1.321300000000000079e-02
-1.402600000000000027e-02
-1.352500000000000056e-02
-1.336299999999999988e-02
-1.335199999999999929e-02
-1.324799999999999936e-02
-1.215399999999999987e-02
-9.567000000000000851e-03
-7.615000000000000241e-03
-5.675000000000000357e-03
-2.697999999999999877e-03
4.429999999999999802e-04
2.217999999999999920e-03
3.216999999999999808e-03
3.115999999999999846e-03
3.837000000000000133e-03
4.621000000000000107e-03
4.448999999999999830e-03
3.066999999999999848e-03
1.204999999999999908e-03
-1.639000000000000049e-03
-2.893000000000000172e-03
-2.510000000000000078e-03
-2.517999999999999839e-03
-3.549000000000000071e-03
-2.988000000000000204e-03
-1.191999999999999917e-03
1.311000000000000099e-03
3.207999999999999914e-03
4.629999999999999567e-03
6.023999999999999841e-03
7.638999999999999957e-03
8.248000000000000123e-03
8.708999999999999728e-03
1.000599999999999927e-02
1.074999999999999914e-02
1.006699999999999956e-02
6.898999999999999751e-03
3.347000000000000149e-03
5.550000000000000462e-04
-1.709999999999999932e-03
-3.188999999999999994e-03
-4.363999999999999824e-03
-5.702999999999999736e-03
-5.955000000000000224e-03
-5.714000000000000329e-03
-5.638999999999999915e-03
-5.627000000000000057e-03
-5.559999999999999838e-03
-5.520999999999999866e-03
-5.421999999999999736e-03
-5.298999999999999891e-03
-4.674000000000000203e-03
-3.082000000000000104e-03
-1.423999999999999919e-03
-1.350000000000000017e-04
2.400000000000000061e-05
-1.179999999999999951e-04
7.730000000000000326e-04
3.371999999999999997e-03
5.198000000000000363e-03
5.510000000000000141e-03
6.819999999999999674e-03
7.891000000000000444e-03
7.898000000000000506e-03
8.767999999999999752e-03
1.023100000000000051e-02
1.055299999999999988e-02
1.099900000000000010e-02
1.331300000000000018e-02
1.549999999999999989e-02
1.558799999999999943e-02
1.377699999999999932e-02
1.087600000000000025e-02
7.875999999999999321e-03
4.242000000000000111e-03
-8.980000000000000352e-04
-6.566999999999999921e-03
-1.096600000000000005e-02
-1.501399999999999957e-02
-1.794799999999999868e-02
-1.912799999999999917e-02
-2.005900000000000044e-02
-1.898599999999999940e-02
-1.574199999999999905e-02
-1.298599999999999928e-02
-1.169700000000000080e-02
-9.497999999999999499e-03
-7.616000000000000374e-03
-7.211999999999999661e-03
-6.381000000000000387e-03
-6.801999999999999887e-03
-7.568000000000000074e-03
-7.490000000000000130e-03
-7.308000000000000260e-03
-7.245999999999999837e-03
-7.189000000000000078e-03
-5.986000000000000001e-03
-2.331000000000000173e-03
7.140000000000000079e-04
2.161999999999999859e-03
2.902000000000000066e-03
2.991999999999999868e-03
2.879000000000000049e-03
1.801000000000000083e-03
-6.660000000000000338e-04
-2.007999999999999802e-03
-2.256999999999999892e-03
-4.224000000000000324e-03
-6.335999999999999618e-03
-5.780000000000000415e-03
-4.060000000000000241e-03
-3.599000000000000202e-03
-2.873999999999999819e-03
-3.959999999999999762e-04
1.198000000000000063e-03
1.497000000000000067e-03
2.808000000000000166e-03
3.599000000000000202e-03
3.416999999999999899e-03
3.292999999999999920e-03
3.395000000000000014e-03
4.028000000000000330e-03
4.020000000000000136e-03
1.567000000000000033e-03
5.760000000000000146e-04
4.629999999999999784e-04
-2.285000000000000139e-03
-4.340000000000000108e-03
-5.020000000000000157e-03
-7.183000000000000149e-03
-8.906999999999999987e-03
-8.474999999999999895e-03
-6.137000000000000094e-03
-3.171000000000000207e-03
-1.353000000000000036e-03
-1.270999999999999994e-03
-1.186999999999999904e-03
2.970000000000000092e-04
1.244000000000000097e-03
1.155999999999999910e-03
1.132999999999999893e-03
1.167999999999999984e-03
1.116999999999999937e-03
1.097000000000000102e-03
1.064000000000000059e-03
1.240000000000000054e-04
-1.291999999999999963e-03
-1.747000000000000072e-03
-2.946999999999999967e-03
-5.236000000000000203e-03
-8.259999999999999981e-03
-1.026900000000000035e-02
-1.240499999999999936e-02
-1.437399999999999962e-02
-1.730699999999999947e-02
-1.949599999999999944e-02
-2.166999999999999829e-02
-2.334200000000000164e-02
-2.363200000000000023e-02
-2.527700000000000086e-02
-2.713099999999999887e-02
-2.532299999999999829e-02
-2.263799999999999840e-02
-1.965599999999999986e-02
-1.584299999999999944e-02
-1.203000000000000076e-02
-7.830999999999999420e-03
-4.588000000000000064e-03
-3.108999999999999785e-03
-1.391000000000000092e-03
8.919999999999999978e-04
2.487000000000000061e-03
4.767999999999999669e-03
6.375999999999999723e-03
6.272999999999999930e-03
4.795999999999999916e-03
1.809000000000000061e-03
-3.249999999999999851e-04
-2.521999999999999936e-03
-3.788999999999999833e-03
-3.706000000000000093e-03
-3.530000000000000152e-03
-3.363000000000000104e-03
-1.038999999999999993e-03
1.894999999999999983e-03
4.070999999999999966e-03
5.995000000000000329e-03
7.497000000000000192e-03
9.820000000000000603e-03
1.131899999999999920e-02
1.125300000000000085e-02
1.251200000000000055e-02
1.567699999999999996e-02
1.765100000000000002e-02
1.881700000000000039e-02
1.981199999999999975e-02
1.839400000000000063e-02
1.601500000000000146e-02
1.428600000000000009e-02
1.207899999999999946e-02
9.957000000000000572e-03
7.028000000000000393e-03
5.838999999999999573e-03
4.980000000000000052e-03
2.230000000000000211e-03
-1.046000000000000055e-03
-3.288999999999999823e-03
-3.720000000000000216e-03
-3.363999999999999803e-03
-1.944999999999999897e-03
6.599999999999999964e-04
1.817000000000000039e-03
2.249000000000000131e-03
3.750999999999999994e-03
5.418000000000000073e-03
6.479000000000000384e-03
6.493999999999999773e-03
6.343999999999999813e-03
6.374999999999999591e-03
6.635000000000000273e-03
9.010999999999999913e-03
1.148799999999999995e-02
1.108699999999999963e-02
8.434000000000000524e-03
6.166999999999999739e-03
3.886999999999999830e-03
1.484999999999999992e-03
7.600000000000000418e-04
-3.240000000000000150e-04
-1.899999999999999996e-03
-3.335999999999999990e-03
-3.482999999999999985e-03
-3.229999999999999798e-03
-3.259000000000000178e-03
-2.644000000000000083e-03
-2.649999999999999903e-04
1.680000000000000070e-03
2.186000000000000009e-03
4.729999999999999830e-03
6.845999999999999655e-03
6.701000000000000359e-03
6.353000000000000140e-03
6.402999999999999838e-03
6.406000000000000236e-03
5.405000000000000082e-03
9.719999999999999907e-04
-5.231000000000000406e-03
-1.082900000000000008e-02
-1.395599999999999966e-02
-1.651899999999999896e-02
-1.927800000000000000e-02
-2.224599999999999841e-02
-2.318699999999999928e-02
-2.281499999999999848e-02
-2.217500000000000027e-02
-1.935200000000000115e-02
-1.628299999999999886e-02
-1.349400000000000079e-02
-1.156199999999999936e-02
-9.242999999999999480e-03
-7.551999999999999685e-03
-5.795999999999999937e-03
-4.905999999999999771e-03
-7.453999999999999689e-03
-1.078999999999999924e-02
-1.352100000000000003e-02
-1.638900000000000079e-02
-1.821100000000000149e-02
-1.929499999999999965e-02
-2.202700000000000144e-02
-2.308599999999999888e-02
-2.138800000000000076e-02
-1.795899999999999927e-02
-1.302000000000000032e-02
-7.158000000000000300e-03
-1.529999999999999893e-03
3.779999999999999940e-03
7.113999999999999664e-03
9.809000000000000011e-03
1.159699999999999967e-02
1.151600000000000019e-02
1.117600000000000017e-02
1.099600000000000057e-02
8.718000000000000055e-03
5.585999999999999820e-03
2.556999999999999811e-03
1.175000000000000046e-03
-2.950000000000000148e-04
-2.988000000000000204e-03
-4.094000000000000417e-03
-6.418000000000000094e-03
-8.444000000000000117e-03
-8.352999999999999314e-03
-8.016999999999999821e-03
-7.919999999999999957e-03
-5.651999999999999906e-03
-2.462000000000000213e-03
1.048000000000000103e-03
4.572999999999999808e-03
8.422000000000000666e-03
1.362599999999999922e-02
1.707900000000000043e-02
1.966100000000000139e-02
2.126499999999999918e-02
2.117099999999999885e-02
1.997399999999999870e-02
1.727499999999999869e-02
1.315999999999999982e-02
1.081499999999999996e-02
1.108300000000000084e-02
1.152099999999999999e-02
1.240999999999999916e-02
1.520799999999999930e-02
1.939499999999999905e-02
2.236000000000000140e-02
2.503100000000000117e-02
2.621800000000000172e-02
2.712399999999999881e-02
2.921699999999999992e-02
2.827599999999999905e-02
2.696700000000000139e-02
2.627900000000000028e-02
2.417400000000000104e-02
2.091900000000000009e-02
1.754599999999999910e-02
1.219399999999999998e-02
6.131000000000000165e-03
4.060000000000000024e-04
-3.478000000000000189e-03
-6.042999999999999761e-03
-8.240000000000000796e-03
-8.526999999999999857e-03
-8.191999999999999629e-03
-8.201999999999999222e-03
-8.274999999999999370e-03
-7.858999999999999667e-03
-5.218000000000000416e-03
-2.187999999999999841e-03
6.880000000000000265e-04
2.606999999999999942e-03
3.801999999999999824e-03
4.010999999999999809e-03
3.540000000000000178e-03
2.106999999999999932e-03
-3.199999999999999855e-05
-3.076000000000000175e-03
-6.119000000000000307e-03
-8.743000000000000771e-03
-1.160199999999999947e-02
-1.341400000000000058e-02
-1.182599999999999971e-02
-8.328999999999999598e-03
-5.368999999999999641e-03
-2.817000000000000060e-03
2.770000000000000110e-04
1.910999999999999938e-03
1.698999999999999989e-03
2.436999999999999930e-03
4.393000000000000203e-03
5.640000000000000048e-03
5.812999999999999591e-03
3.869000000000000043e-03
1.590000000000000050e-03
1.018000000000000025e-03
-1.064999999999999974e-03
-3.507000000000000135e-03
-3.648000000000000201e-03
-3.230999999999999931e-03
-2.367000000000000180e-03
2.900000000000000017e-05
1.662000000000000066e-03
1.949999999999999910e-03
3.210999999999999879e-03
4.117000000000000000e-03
4.858999999999999604e-03
6.179999999999999730e-03
6.289999999999999584e-03
4.362999999999999691e-03
1.848000000000000033e-03
1.131000000000000061e-03
1.345999999999999974e-03
1.299999999999999886e-04
-2.507000000000000114e-03
-3.699000000000000031e-03
-3.455000000000000172e-03
-3.458000000000000136e-03
-5.420000000000000338e-03
-8.557999999999999635e-03
-1.156399999999999963e-02
-1.332000000000000024e-02
-1.330399999999999985e-02
-1.309199999999999947e-02
-1.303499999999999971e-02
-1.162799999999999945e-02
-8.944999999999999826e-03
-7.825999999999999623e-03
-8.063000000000000722e-03
-6.477000000000000118e-03
-3.647000000000000068e-03
-4.049999999999999781e-03
-4.294000000000000074e-03
-3.292999999999999920e-03
-3.086000000000000201e-03
-3.299999999999999982e-03
-3.308999999999999875e-03
-3.256999999999999913e-03
-2.882000000000000013e-03
-8.329999999999999731e-04
1.495000000000000018e-03
1.910999999999999938e-03
1.575000000000000011e-03
1.809999999999999977e-03
3.644999999999999803e-03
6.085000000000000131e-03
6.016999999999999779e-03
3.435000000000000119e-03
3.844000000000000195e-03
6.525999999999999683e-03
6.943999999999999652e-03
6.433999999999999615e-03
6.440000000000000412e-03
6.557999999999999594e-03
6.178000000000000332e-03
3.527999999999999886e-03
4.539999999999999765e-04
-2.400999999999999922e-03
-3.494000000000000144e-03
-3.040000000000000167e-03
-6.599999999999999964e-04
1.842000000000000104e-03
2.027999999999999855e-03
1.631000000000000071e-03
1.675000000000000057e-03
1.760000000000000063e-03
1.734999999999999997e-03
2.260999999999999989e-03
4.759000000000000209e-03
5.681000000000000286e-03
5.433000000000000329e-03
4.499999999999999660e-03
5.248000000000000061e-03
6.700000000000000226e-03
6.825000000000000337e-03
6.591999999999999769e-03
7.433999999999999636e-03
9.055999999999999814e-03
1.052799999999999916e-02
1.157500000000000022e-02
1.163600000000000051e-02
1.148399999999999942e-02
1.150400000000000034e-02
1.153599999999999938e-02
1.152500000000000052e-02
1.151899999999999973e-02
1.154799999999999924e-02
1.219699999999999951e-02
1.369599999999999984e-02
1.408700000000000056e-02
1.271800000000000014e-02
1.147600000000000009e-02
1.147399999999999982e-02
1.032199999999999958e-02
7.248000000000000102e-03
6.001000000000000258e-03
3.993000000000000022e-03
1.763999999999999943e-03
2.232000000000000043e-03
4.845000000000000348e-03
6.844000000000000257e-03
6.754999999999999720e-03
4.937000000000000416e-03
2.387999999999999932e-03
8.949999999999999623e-04
-1.090999999999999956e-03
-2.981000000000000143e-03
-3.592999999999999840e-03
-6.036999999999999832e-03
-8.661000000000000296e-03
-1.071800000000000010e-02
-1.251400000000000082e-02
-1.287400000000000003e-02
-1.262800000000000034e-02
-1.261199999999999995e-02
-1.269600000000000069e-02
-1.269099999999999916e-02
-1.257100000000000058e-02
-1.217900000000000059e-02
-9.634000000000000202e-03
-7.009999999999999738e-03
-4.971999999999999857e-03
-2.949999999999999931e-03
-4.870000000000000197e-04
2.403999999999999887e-03
5.449999999999999983e-03
7.228000000000000050e-03
7.124000000000000124e-03
7.823000000000000093e-03
1.040400000000000005e-02
1.177600000000000001e-02
9.919000000000000733e-03
7.228000000000000050e-03
6.531999999999999612e-03
5.845000000000000369e-03
3.359000000000000007e-03
1.747999999999999988e-03
1.897000000000000032e-03
1.518999999999999951e-03
-8.869999999999999846e-04
-2.977000000000000045e-03
-3.085000000000000069e-03
-3.441000000000000048e-03
-6.356999999999999804e-03
-8.047000000000000333e-03
-5.957999999999999755e-03
-2.775999999999999822e-03
-2.331999999999999872e-03
-2.113999999999999994e-03
8.880000000000000089e-04
2.710000000000000169e-03
2.288999999999999802e-03
6.480000000000000300e-04
-1.874999999999999931e-03
-2.971000000000000116e-03
-2.701999999999999975e-03
-2.560000000000000209e-03
-2.651000000000000145e-03
-2.667000000000000100e-03
-1.978000000000000157e-03
9.120000000000000502e-04
2.661000000000000171e-03
2.543000000000000121e-03
4.451000000000000095e-03
7.231999999999999713e-03
7.523000000000000173e-03
7.047999999999999578e-03
7.040000000000000251e-03
6.151000000000000217e-03
3.579000000000000150e-03
2.033000000000000085e-03
2.220999999999999884e-03
1.330999999999999935e-03
-1.807000000000000012e-03
-3.033999999999999805e-03
-2.736999999999999850e-03
-4.115999999999999867e-03
-6.781999999999999834e-03
-7.745000000000000148e-03
-8.994000000000000258e-03
-1.201100000000000084e-02
-1.511999999999999976e-02
-1.709000000000000102e-02
-1.710800000000000168e-02
-1.683000000000000121e-02
-1.680900000000000102e-02
-1.564600000000000019e-02
-1.296199999999999956e-02
-1.158099999999999928e-02
-1.182399999999999944e-02
-1.200999999999999984e-02
-1.191399999999999924e-02
-1.188600000000000073e-02
-1.167200000000000008e-02
-1.028699999999999927e-02
-9.809000000000000011e-03
-1.136599999999999937e-02
-1.209299999999999958e-02
-1.182799999999999997e-02
-1.173100000000000011e-02
-1.181100000000000032e-02
-1.182000000000000065e-02
-1.179900000000000046e-02
-1.163699999999999977e-02
-9.431999999999999412e-03
-6.706000000000000155e-03
-6.445000000000000208e-03
-5.935000000000000171e-03
-2.752999999999999805e-03
3.119999999999999944e-04
2.798999999999999839e-03
3.696000000000000067e-03
6.094999999999999724e-03
8.224999999999999672e-03
8.267999999999999308e-03
9.551999999999999727e-03
1.252099999999999914e-02
1.366400000000000080e-02
1.584599999999999898e-02
1.803400000000000142e-02
1.806599999999999873e-02
1.769799999999999846e-02
1.776499999999999954e-02
1.784000000000000169e-02
1.754899999999999863e-02
1.571099999999999927e-02
1.331599999999999971e-02
1.267199999999999924e-02
1.200700000000000031e-02
9.546999999999999931e-03
7.934999999999999346e-03
8.078999999999999376e-03
7.769999999999999997e-03
5.555000000000000042e-03
3.275999999999999832e-03
9.190000000000000035e-04
-1.382999999999999898e-03
-1.649999999999999991e-03
-1.288000000000000082e-03
-1.337000000000000081e-03
-2.341999999999999898e-03
-4.849000000000000012e-03
-6.494999999999999905e-03
-6.389999999999999847e-03
-6.078000000000000069e-03
-5.407000000000000348e-03
-3.063999999999999883e-03
-1.106999999999999911e-03
-1.044000000000000006e-03
-1.340999999999999961e-03
-2.227999999999999946e-03
-5.190000000000000169e-03
-6.610000000000000424e-03
-8.186999999999999833e-03
-1.074899999999999987e-02
-1.120999999999999948e-02
-1.077000000000000006e-02
-1.073200000000000022e-02
-9.967000000000000165e-03
-7.413000000000000318e-03
-5.588000000000000085e-03
-5.655999999999999570e-03
-5.925999999999999844e-03
-5.851000000000000298e-03
-5.799999999999999600e-03
-5.590000000000000351e-03
-3.154999999999999818e-03
5.500000000000000196e-05
3.014000000000000186e-03
4.285999999999999879e-03
4.043999999999999852e-03
3.883000000000000167e-03
3.989000000000000358e-03
4.131000000000000123e-03
4.191000000000000281e-03
3.518999999999999993e-03
1.095000000000000053e-03
-8.880000000000000089e-04
-9.269999999999999811e-04
-6.210000000000000242e-04
-6.629999999999999609e-04
4.960000000000000216e-04
3.689000000000000005e-03
6.849000000000000053e-03
9.235999999999999419e-03
9.995000000000000412e-03
1.250199999999999922e-02
1.437100000000000009e-02
1.415699999999999945e-02
1.289099999999999968e-02
1.044600000000000042e-02
8.961000000000000215e-03
8.279999999999999166e-03
5.498000000000000283e-03
3.108999999999999785e-03
1.052999999999999900e-03
-3.390000000000000001e-04
1.157000000000000042e-03
4.013000000000000074e-03
4.886999999999999851e-03
4.505999999999999589e-03
4.426000000000000247e-03
4.533999999999999836e-03
4.002000000000000349e-03
1.124999999999999915e-03
-7.640000000000000306e-04
-2.076000000000000154e-03
-4.910000000000000302e-03
-8.038999999999999271e-03
-1.004700000000000037e-02
-1.005400000000000044e-02
-9.768000000000000640e-03
-9.830000000000000196e-03
-1.008200000000000068e-02
-9.877999999999999628e-03
-8.234000000000000000e-03
-5.618999999999999863e-03
-4.728000000000000431e-03
-5.057999999999999996e-03
-5.146000000000000400e-03
-4.995000000000000308e-03
-4.931999999999999752e-03
-4.948000000000000141e-03
-4.947000000000000008e-03
-4.831000000000000225e-03
-2.749000000000000141e-03
9.699999999999999963e-05
4.409999999999999858e-04
-4.699999999999999724e-05
-1.232999999999999938e-03
-4.950000000000000407e-03
-8.524999999999999592e-03
-1.109800000000000023e-02
-1.337200000000000021e-02
-1.424800000000000025e-02
-1.398699999999999943e-02
-1.380800000000000083e-02
-1.357900000000000079e-02
-1.117600000000000017e-02
-7.993999999999999370e-03
-4.954000000000000070e-03
-2.879000000000000049e-03
-8.220000000000000310e-04
8.779999999999999827e-04
1.175000000000000046e-03
1.056000000000000081e-03
2.001000000000000174e-03
4.963000000000000397e-03
6.197000000000000251e-03
5.766000000000000292e-03
5.645999999999999977e-03
5.819999999999999653e-03
5.899999999999999863e-03
7.277999999999999747e-03
1.013099999999999938e-02
1.083600000000000015e-02
1.030499999999999992e-02
1.017599999999999928e-02
1.022699999999999998e-02
1.016399999999999942e-02
9.076999999999999999e-03
6.563000000000000257e-03
5.197000000000000230e-03
5.452000000000000249e-03
5.657999999999999835e-03
5.467999999999999770e-03
4.544000000000000296e-03
4.338999999999999975e-03
5.276000000000000308e-03
5.485000000000000292e-03
6.477000000000000118e-03
9.180999999999999925e-03
1.000900000000000054e-02
9.282999999999999585e-03
7.524000000000000306e-03
4.919999999999999894e-03
2.204999999999999929e-03
-3.319999999999999926e-04
-2.700000000000000143e-03
-3.892000000000000060e-03
-3.795000000000000196e-03
-3.572000000000000088e-03
-3.485999999999999949e-03
-3.444000000000000013e-03
-3.419000000000000164e-03
-3.395000000000000014e-03
-3.380000000000000192e-03
-4.366000000000000089e-03
-6.934000000000000059e-03
-9.282999999999999585e-03
-1.111499999999999988e-02
-1.155199999999999977e-02
-1.272500000000000020e-02
-1.448200000000000008e-02
-1.473000000000000004e-02
-1.401299999999999941e-02
-1.170000000000000033e-02
-9.643000000000000529e-03
-8.600000000000000006e-03
-6.204999999999999578e-03
-3.435000000000000119e-03
-1.467999999999999904e-03
-1.309000000000000051e-03
-1.500999999999999947e-03
-1.288999999999999998e-03
-4.910000000000000085e-04
6.859999999999999779e-04
1.866999999999999953e-03
2.618999999999999800e-03
2.628999999999999827e-03
2.562000000000000041e-03
3.412999999999999801e-03
5.359000000000000048e-03
6.357999999999999936e-03
6.118000000000000174e-03
5.878999999999999677e-03
5.791000000000000140e-03
4.970999999999999724e-03
3.956000000000000315e-03
3.811000000000000151e-03
3.516000000000000028e-03
2.975000000000000214e-03
4.277999999999999685e-03
5.585999999999999820e-03
5.471000000000000169e-03
5.148999999999999931e-03
5.107000000000000428e-03
4.233999999999999916e-03
1.740999999999999926e-03
-8.739999999999999939e-04
-1.763999999999999943e-03
-1.502999999999999996e-03
-1.853000000000000046e-03
-2.177000000000000116e-03
-1.440000000000000091e-03
-1.119999999999999902e-03
-1.211000000000000054e-03
-7.399999999999999894e-04
-2.290000000000000098e-04
-1.410000000000000120e-04
4.820000000000000066e-04
1.510000000000000057e-03
1.951999999999999959e-03
1.820000000000000003e-03
1.838999999999999923e-03
2.650000000000000012e-03
4.061000000000000373e-03
4.592999999999999861e-03
3.946999999999999988e-03
2.448000000000000089e-03
1.350999999999999987e-03
1.275000000000000092e-03
1.363999999999999978e-03
9.870000000000000301e-04
-2.599999999999999772e-04
-1.363999999999999978e-03
-1.435999999999999993e-03
-8.899999999999999491e-04
6.409999999999999682e-04
1.482000000000000027e-03
1.747999999999999988e-03
2.792999999999999910e-03
3.520000000000000125e-03
3.403000000000000209e-03
3.183000000000000065e-03
3.037000000000000203e-03
2.052000000000000005e-03
6.459999999999999814e-04
2.429999999999999977e-04
-4.609999999999999840e-04
-1.580000000000000024e-03
-1.830999999999999945e-03
-1.629000000000000023e-03
-1.590000000000000050e-03
-1.773000000000000053e-03
-2.366000000000000048e-03
-2.650000000000000012e-03
-2.805000000000000202e-03
-2.337999999999999801e-03
-1.404999999999999999e-03
-1.239000000000000084e-03
-1.340000000000000045e-03
-1.299000000000000024e-03
-1.654000000000000088e-03
-2.565000000000000006e-03
-2.961999999999999789e-03
-2.759999999999999867e-03
-2.618999999999999800e-03
-3.137000000000000031e-03
-3.950999999999999651e-03
-3.936000000000000262e-03
-3.611000000000000060e-03
-3.445000000000000145e-03
-3.314999999999999804e-03
-3.147000000000000058e-03
-2.978000000000000178e-03
-2.815999999999999927e-03
-2.382000000000000003e-03
-1.415999999999999941e-03
-9.829999999999999329e-04
-1.020999999999999989e-03
-8.400000000000000348e-04
-4.600000000000000004e-05
4.159999999999999744e-04
3.460000000000000076e-04
6.899999999999999667e-05
-2.259999999999999910e-04
-4.850000000000000253e-04
-5.890000000000000053e-04
-4.970000000000000459e-04
-4.060000000000000024e-04
-3.539999999999999853e-04
-2.979999999999999793e-04
-2.349999999999999930e-04
-6.999999999999999387e-05
3.660000000000000059e-04
7.119999999999999593e-04
7.630000000000000063e-04
9.079999999999999530e-04
1.113999999999999973e-03
1.185999999999999988e-03
1.119999999999999902e-03
1.146000000000000100e-03
8.710000000000000294e-04
7.360000000000000006e-04
8.279999999999999600e-04
7.370000000000000249e-04
5.429999999999999714e-04
5.069999999999999637e-04
5.310000000000000050e-04
5.259999999999999919e-04
5.140000000000000254e-04
5.090000000000000123e-04
4.760000000000000234e-04
2.709999999999999735e-04
1.210000000000000002e-04
1.589999999999999888e-04
2.120000000000000031e-04
2.329999999999999986e-04
2.880000000000000073e-04
4.739999999999999747e-04
5.890000000000000053e-04
5.680000000000000370e-04
5.450000000000000200e-04
5.429999999999999714e-04
5.360000000000000181e-04
5.249999999999999676e-04
5.760000000000000146e-04
6.419999999999999925e-04
5.919999999999999698e-04
5.450000000000000200e-04
5.199999999999999544e-04
4.629999999999999784e-04
4.319999999999999838e-04
4.290000000000000193e-04
4.229999999999999819e-04
4.119999999999999856e-04
4.040000000000000080e-04
3.959999999999999762e-04
3.899999999999999929e-04
3.809999999999999910e-04
3.719999999999999891e-04
3.629999999999999872e-04
3.550000000000000096e-04
3.460000000000000076e-04
3.379999999999999758e-04
3.289999999999999739e-04
3.209999999999999963e-04
3.119999999999999944e-04
3.049999999999999868e-04
2.970000000000000092e-04
2.900000000000000017e-04
2.820000000000000241e-04
2.739999999999999923e-04
2.649999999999999903e-04
2.579999999999999828e-04
2.480000000000000108e-04
2.320000000000000014e-04
2.280000000000000126e-04
2.300000000000000070e-04
2.239999999999999966e-04
2.149999999999999947e-04
2.079999999999999872e-04
1.990000000000000124e-04
1.869999999999999917e-04
1.810000000000000085e-04
1.759999999999999954e-04
1.689999999999999879e-04
1.620000000000000075e-04
1.569999999999999944e-04
1.520000000000000084e-04
1.459999999999999981e-04
1.410000000000000120e-04
1.350000000000000017e-04
1.299999999999999886e-04
1.240000000000000054e-04
1.169999999999999979e-04
1.110000000000000011e-04
1.029999999999999964e-04
9.699999999999999963e-05
8.899999999999999491e-05
8.200000000000000095e-05
7.600000000000000418e-05
6.799999999999999946e-05
6.099999999999999872e-05
5.300000000000000078e-05
4.699999999999999724e-05
3.899999999999999929e-05
3.300000000000000253e-05
2.599999999999999840e-05
1.900000000000000105e-05
1.200000000000000030e-05
