-2.439999999999999949e-04
-2.469999999999999865e-04
-2.480000000000000108e-04
-2.500000000000000052e-04
-2.519999999999999996e-04
-2.530000000000000239e-04
-2.570000000000000127e-04
-2.680000000000000090e-04
-2.649999999999999903e-04
-2.489999999999999809e-04
-2.449999999999999921e-04
-2.460000000000000164e-04
-2.429999999999999977e-04
-2.359999999999999902e-04
-2.509999999999999753e-04
-2.570000000000000127e-04
-2.130000000000000003e-04
-1.550000000000000000e-04
-1.659999999999999963e-04
-1.930000000000000021e-04
-1.810000000000000085e-04
-2.169999999999999891e-04
-2.910000000000000260e-04
-3.009999999999999980e-04
-2.840000000000000185e-04
-2.390000000000000089e-04
-1.129999999999999955e-04
-4.300000000000000165e-05
-4.000000000000000327e-05
-1.320000000000000101e-04
-2.509999999999999753e-04
-2.559999999999999884e-04
-2.239999999999999966e-04
-2.159999999999999919e-04
-2.010000000000000068e-04
-1.769999999999999926e-04
-3.300000000000000253e-05
5.199999999999999680e-05
8.700000000000000051e-05
2.280000000000000126e-04
6.799999999999999946e-05
-1.289999999999999914e-04
-9.899999999999999404e-05
-2.199999999999999943e-05
-3.000000000000000076e-06
1.099999999999999971e-05
3.100000000000000135e-05
5.800000000000000034e-05
8.799999999999999771e-05
4.600000000000000004e-05
-3.110000000000000243e-04
-5.370000000000000424e-04
-4.920000000000000328e-04
-4.499999999999999877e-04
-4.550000000000000008e-04
-4.449999999999999746e-04
-4.270000000000000249e-04
-3.020000000000000223e-04
2.500000000000000052e-04
6.089999999999999494e-04
8.149999999999999693e-04
1.090999999999999956e-03
1.129000000000000012e-03
1.105000000000000079e-03
7.879999999999999635e-04
6.459999999999999814e-04
1.810000000000000085e-04
-2.159999999999999919e-04
-1.649999999999999991e-04
-5.899999999999999754e-05
-6.099999999999999872e-05
-3.499999999999999693e-05
7.600000000000000418e-05
6.189999999999999756e-04
6.449999999999999570e-04
1.310000000000000129e-04
8.500000000000000611e-05
2.429999999999999977e-04
2.860000000000000129e-04
2.840000000000000185e-04
3.510000000000000208e-04
4.409999999999999858e-04
4.939999999999999730e-04
3.249999999999999851e-04
-5.429999999999999714e-04
-7.190000000000000210e-04
4.040000000000000080e-04
9.759999999999999796e-04
8.400000000000000348e-04
8.189999999999999581e-04
9.349999999999999587e-04
1.005999999999999950e-03
1.036000000000000029e-03
1.064999999999999974e-03
6.790000000000000245e-04
-3.179999999999999776e-04
-6.499999999999999702e-04
-4.550000000000000008e-04
-1.920000000000000049e-04
6.040000000000000447e-04
2.939999999999999905e-04
-3.899999999999999929e-04
-2.900000000000000017e-04
-7.799999999999999859e-05
-6.299999999999999990e-05
-7.700000000000000139e-05
-1.849999999999999973e-04
-1.248999999999999893e-03
-1.766999999999999908e-03
-3.989999999999999949e-04
9.929999999999999591e-04
2.196000000000000035e-03
2.642999999999999950e-03
2.601000000000000013e-03
2.475000000000000203e-03
1.387999999999999911e-03
4.300000000000000165e-05
-1.216999999999999983e-03
-2.299999999999999961e-03
-3.511999999999999931e-03
-2.978000000000000178e-03
-1.407000000000000048e-03
-9.610000000000000486e-04
4.500000000000000283e-05
1.248999999999999893e-03
1.387999999999999911e-03
1.265999999999999981e-03
1.325000000000000006e-03
1.324000000000000090e-03
2.809999999999999998e-04
-1.178000000000000011e-03
-2.544999999999999953e-03
-3.281000000000000062e-03
-2.546000000000000086e-03
-8.099999999999999561e-04
-1.910000000000000077e-04
7.730000000000000326e-04
2.064999999999999995e-03
1.838000000000000007e-03
7.739999999999999485e-04
9.929999999999999591e-04
3.449999999999999833e-04
-2.220000000000000022e-04
1.110000000000000011e-04
1.590000000000000050e-03
2.281000000000000041e-03
7.829999999999999504e-04
7.770000000000000214e-04
2.582000000000000094e-03
2.034999999999999917e-03
3.699999999999999947e-04
-9.299999999999999727e-05
-1.226000000000000093e-03
-2.020000000000000094e-03
-1.897000000000000032e-03
-1.657000000000000053e-03
-6.049999999999999606e-04
-4.739999999999999747e-04
-1.536000000000000039e-03
-1.727000000000000019e-03
-1.412000000000000061e-03
-5.609999999999999752e-04
1.119999999999999983e-04
1.340000000000000045e-04
-2.829999999999999942e-04
-1.108000000000000044e-03
-1.160999999999999923e-03
-9.659999999999999533e-04
-9.020000000000000240e-04
-6.909999999999999910e-04
6.059999999999999849e-04
1.949999999999999910e-03
2.060999999999999898e-03
1.907000000000000058e-03
1.356999999999999916e-03
7.810000000000000102e-04
6.679999999999999740e-04
-3.959999999999999762e-04
-2.017999999999999829e-03
-2.853000000000000067e-03
-2.650000000000000012e-03
-1.485999999999999908e-03
-2.000000000000000164e-05
3.179999999999999776e-04
1.979999999999999881e-04
8.339999999999999974e-04
1.690000000000000096e-03
7.709999999999999840e-04
2.169999999999999891e-04
4.429999999999999802e-04
6.589999999999999721e-04
7.050000000000000060e-04
8.429999999999999993e-04
1.887000000000000005e-03
1.926999999999999894e-03
9.049999999999999885e-04
7.929999999999999766e-04
1.041999999999999958e-03
1.124999999999999915e-03
1.201999999999999943e-03
1.289999999999999914e-03
1.329000000000000103e-03
1.353999999999999952e-03
1.423000000000000003e-03
1.399999999999999986e-03
1.469999999999999953e-04
-1.020000000000000073e-03
-9.070000000000000371e-04
-6.350000000000000392e-04
-6.599999999999999964e-04
-6.570000000000000319e-04
-5.529999999999999976e-04
-4.000000000000000192e-04
4.369999999999999970e-04
2.962999999999999922e-03
4.964999999999999795e-03
5.052000000000000067e-03
4.797000000000000049e-03
4.357999999999999895e-03
2.125000000000000153e-03
2.400000000000000061e-05
-7.799999999999999859e-05
-1.500000000000000038e-05
-1.500999999999999947e-03
-2.445000000000000125e-03
-2.242000000000000069e-03
-2.011999999999999900e-03
-1.998000000000000210e-03
-1.936999999999999920e-03
-1.871999999999999966e-03
-1.820000000000000003e-03
-6.679999999999999740e-04
6.380000000000000037e-04
-2.139999999999999975e-04
-4.710000000000000102e-04
-2.469999999999999865e-04
6.459999999999999814e-04
-6.200000000000000270e-05
-1.497000000000000067e-03
-1.569999999999999998e-03
-1.209000000000000005e-03
-3.390000000000000001e-04
1.469999999999999953e-04
3.970000000000000005e-04
9.009999999999999997e-04
-3.640000000000000115e-04
-1.276999999999999923e-03
-1.064000000000000059e-03
-8.530000000000000256e-04
-8.559999999999999901e-04
-8.450000000000000479e-04
-7.479999999999999670e-04
3.750000000000000078e-04
1.863000000000000073e-03
1.776000000000000018e-03
5.180000000000000143e-04
5.240000000000000517e-04
-1.200000000000000030e-05
-4.730000000000000046e-04
-4.189999999999999931e-04
-2.640000000000000202e-04
-1.939999999999999993e-04
-2.290000000000000098e-04
-1.296999999999999976e-03
-2.386999999999999799e-03
-1.049000000000000019e-03
2.550000000000000183e-04
-6.570000000000000319e-04
-2.357000000000000154e-03
-2.631999999999999791e-03
-2.292999999999999899e-03
-1.683000000000000034e-03
-8.639999999999999677e-04
-7.820000000000000345e-04
1.299999999999999886e-04
5.959999999999999586e-04
4.800000000000000122e-04
1.177000000000000095e-03
2.906000000000000163e-03
4.394999999999999601e-03
4.248000000000000040e-03
2.791000000000000078e-03
1.214000000000000018e-03
5.990000000000000316e-04
-1.066000000000000107e-03
-4.009999999999999676e-03
-4.547999999999999959e-03
-3.994000000000000154e-03
-3.886999999999999830e-03
-3.950999999999999651e-03
-3.173000000000000039e-03
-2.560999999999999908e-03
-1.961000000000000069e-03
3.759999999999999779e-04
1.665999999999999946e-03
1.459000000000000010e-03
1.257000000000000088e-03
1.379999999999999933e-04
-2.504999999999999848e-03
-3.853000000000000088e-03
-3.557999999999999965e-03
-3.312999999999999973e-03
-3.305999999999999911e-03
-1.961000000000000069e-03
8.339999999999999974e-04
2.125000000000000153e-03
1.864999999999999904e-03
1.755999999999999965e-03
1.910999999999999938e-03
1.972999999999999927e-03
1.955000000000000140e-03
2.000000000000000042e-03
2.063999999999999863e-03
2.115000000000000126e-03
2.129999999999999949e-03
2.207000000000000194e-03
2.272999999999999847e-03
2.341999999999999898e-03
1.750999999999999952e-03
-6.819999999999999890e-04
-2.749999999999999840e-03
-2.768000000000000061e-03
-2.386999999999999799e-03
-2.403000000000000188e-03
-1.747000000000000072e-03
7.969999999999999654e-04
2.884999999999999978e-03
2.942999999999999870e-03
2.677999999999999825e-03
2.791000000000000078e-03
2.880000000000000181e-03
1.995999999999999944e-03
-5.680000000000000370e-04
-2.325999999999999943e-03
-2.910999999999999959e-03
-5.200999999999999894e-03
-5.433000000000000329e-03
-3.477000000000000056e-03
-1.833999999999999910e-03
-1.670999999999999959e-03
-1.858999999999999975e-03
-1.820000000000000003e-03
-1.722999999999999922e-03
-1.649000000000000075e-03
-1.592000000000000099e-03
-1.618999999999999996e-03
-1.552999999999999910e-03
-1.485999999999999908e-03
-1.407999999999999963e-03
-1.397999999999999937e-03
-1.392999999999999924e-03
-1.297999999999999892e-03
-1.224999999999999960e-03
-1.206000000000000041e-03
-1.195000000000000099e-03
-1.092000000000000089e-03
1.050000000000000044e-04
2.798999999999999839e-03
4.312999999999999994e-03
4.147999999999999778e-03
3.297000000000000017e-03
1.015000000000000060e-03
-9.659999999999999533e-04
-1.430000000000000064e-03
-3.771000000000000046e-03
-6.083999999999999998e-03
-6.000000000000000125e-03
-4.773000000000000333e-03
-2.298000000000000129e-03
-4.409999999999999858e-04
-3.640000000000000115e-04
-1.489999999999999897e-04
2.148999999999999869e-03
4.585999999999999799e-03
4.963999999999999663e-03
4.671999999999999938e-03
4.762999999999999873e-03
4.852999999999999675e-03
3.735000000000000039e-03
5.389999999999999826e-04
-2.605000000000000111e-03
-4.820999999999999765e-03
-3.402000000000000076e-03
-3.970000000000000005e-04
4.789999999999999879e-04
1.700000000000000122e-04
1.185999999999999988e-03
3.053999999999999857e-03
4.748999999999999749e-03
5.590000000000000351e-03
5.525000000000000397e-03
5.420999999999999604e-03
4.344999999999999904e-03
1.752000000000000085e-03
3.310000000000000225e-04
5.779999999999999548e-04
8.040000000000000271e-04
7.389999999999999651e-04
6.499999999999999702e-04
-4.650000000000000270e-04
-1.698999999999999989e-03
-2.174999999999999850e-03
-3.488999999999999914e-03
-4.157000000000000105e-03
-3.924999999999999670e-03
-3.772000000000000179e-03
-3.817000000000000080e-03
-3.291999999999999788e-03
-2.272000000000000148e-03
-2.183000000000000045e-03
-1.379999999999999933e-03
-9.200000000000000278e-04
-5.410000000000000312e-04
1.043000000000000090e-03
1.905000000000000009e-03
8.570000000000000144e-04
-8.580000000000000387e-04
-2.314000000000000085e-03
-3.235000000000000028e-03
-2.655999999999999941e-03
-9.030000000000000483e-04
-2.439999999999999949e-04
-6.229999999999999644e-04
-1.988999999999999883e-03
-2.980000000000000010e-03
-2.870999999999999854e-03
-2.614000000000000004e-03
-2.609999999999999907e-03
-2.603999999999999978e-03
-2.256999999999999892e-03
-1.149999999999999981e-03
-1.051000000000000068e-03
-3.409999999999999945e-04
4.240000000000000062e-04
1.654000000000000088e-03
2.884999999999999978e-03
3.063999999999999883e-03
2.936999999999999941e-03
3.050999999999999893e-03
3.138999999999999863e-03
3.167000000000000110e-03
3.223999999999999869e-03
3.311000000000000141e-03
4.027000000000000197e-03
4.980000000000000052e-03
3.678999999999999979e-03
1.484999999999999992e-03
3.600000000000000227e-04
-8.980000000000000352e-04
-1.564000000000000069e-03
-1.436999999999999909e-03
-2.245000000000000034e-03
-2.268000000000000051e-03
-1.518999999999999951e-03
-2.216999999999999787e-03
-1.616999999999999948e-03
-7.500000000000000156e-04
-7.820000000000000345e-04
-8.779999999999999827e-04
-7.659999999999999708e-04
-6.669999999999999497e-04
-6.459999999999999814e-04
-5.689999999999999529e-04
-4.739999999999999747e-04
-3.840000000000000097e-04
1.930000000000000021e-04
1.848000000000000033e-03
3.493000000000000011e-03
4.746000000000000218e-03
3.990999999999999756e-03
3.987000000000000093e-03
4.582000000000000135e-03
3.212000000000000011e-03
2.376000000000000074e-03
2.668999999999999932e-03
2.847000000000000138e-03
2.880000000000000181e-03
3.498999999999999940e-03
5.176000000000000045e-03
5.896000000000000199e-03
5.551000000000000378e-03
4.168999999999999963e-03
2.645000000000000216e-03
1.157999999999999958e-03
7.870000000000000476e-04
2.128999999999999816e-03
3.635000000000000210e-03
3.772999999999999878e-03
3.599999999999999901e-03
3.691999999999999969e-03
2.838999999999999944e-03
1.448000000000000068e-03
1.565999999999999901e-03
3.380999999999999891e-03
4.401000000000000398e-03
4.185000000000000352e-03
2.997999999999999797e-03
1.753999999999999917e-03
1.711000000000000064e-03
1.433000000000000029e-03
-1.100000000000000039e-04
-1.590999999999999966e-03
-1.734999999999999997e-03
-1.874000000000000015e-03
-2.703999999999999806e-03
-3.517000000000000161e-03
-4.899999999999999842e-03
-6.420999999999999625e-03
-7.284999999999999809e-03
-5.460999999999999709e-03
-2.645000000000000216e-03
-1.150999999999999896e-03
2.730000000000000222e-04
2.014000000000000165e-03
3.154999999999999818e-03
3.233999999999999896e-03
3.158999999999999916e-03
3.243999999999999922e-03
3.351999999999999945e-03
3.477000000000000056e-03
3.582000000000000114e-03
3.650000000000000033e-03
3.784000000000000037e-03
3.892000000000000060e-03
3.746999999999999897e-03
2.043000000000000111e-03
-5.150000000000000498e-04
-1.894999999999999983e-03
-3.912999999999999812e-03
-5.746000000000000239e-03
-5.773000000000000353e-03
-5.387000000000000295e-03
-5.375999999999999703e-03
-5.317999999999999811e-03
-4.028000000000000330e-03
-1.270999999999999994e-03
6.300000000000000261e-04
2.550999999999999882e-03
4.886999999999999851e-03
5.693000000000000144e-03
6.810000000000000081e-03
9.504999999999999560e-03
1.097399999999999938e-02
1.082800000000000082e-02
1.067000000000000066e-02
9.698000000000000023e-03
7.154999999999999902e-03
5.400000000000000286e-03
3.658999999999999926e-03
7.560000000000000530e-04
-1.387999999999999911e-03
-2.577999999999999996e-03
-4.007000000000000145e-03
-7.309000000000000392e-03
-1.191099999999999971e-02
-1.644100000000000075e-02
-1.968299999999999911e-02
-2.210799999999999918e-02
-2.306000000000000064e-02
-2.093400000000000122e-02
-1.622300000000000131e-02
-9.289999999999999647e-03
-3.455999999999999871e-03
-3.869999999999999742e-04
1.858999999999999975e-03
1.583999999999999905e-03
-2.541999999999999989e-03
-6.270999999999999665e-03
-7.835999999999999216e-03
-1.030599999999999919e-02
-1.232300000000000062e-02
-1.138800000000000055e-02
-8.248999999999999388e-03
-3.706999999999999792e-03
2.216999999999999787e-03
8.609000000000000333e-03
1.342600000000000043e-02
1.525199999999999993e-02
1.732900000000000065e-02
1.912300000000000111e-02
1.846300000000000024e-02
1.403100000000000007e-02
7.986999999999999308e-03
4.186999999999999750e-03
3.873999999999999840e-03
2.873999999999999819e-03
2.149999999999999947e-04
-8.689999999999999808e-04
-4.620000000000000083e-04
-1.859999999999999945e-04
-1.979999999999999881e-04
-1.669999999999999935e-04
-9.299999999999999727e-05
4.199999999999999768e-05
5.599999999999999916e-05
-1.768999999999999956e-03
-4.593999999999999993e-03
-5.060000000000000261e-03
-4.523000000000000111e-03
-4.416999999999999919e-03
-4.393000000000000203e-03
-4.444000000000000034e-03
-5.609000000000000270e-03
-7.091000000000000081e-03
-8.075000000000000580e-03
-7.863999999999999463e-03
-9.353999999999999468e-03
-1.010899999999999993e-02
-7.514999999999999979e-03
-5.382999999999999764e-03
-3.511999999999999931e-03
-1.276000000000000007e-03
-5.850000000000000165e-04
-8.030000000000000028e-04
-8.050000000000000515e-04
-2.310000000000000042e-04
1.495000000000000018e-03
3.173000000000000039e-03
4.516000000000000049e-03
5.079000000000000181e-03
6.438000000000000146e-03
7.558999999999999747e-03
6.871000000000000371e-03
5.141999999999999869e-03
3.595000000000000105e-03
9.899999999999999946e-04
-2.124000000000000020e-03
-4.993000000000000042e-03
-7.694999999999999583e-03
-8.649000000000000438e-03
-7.248000000000000102e-03
-6.592999999999999902e-03
-6.377999999999999989e-03
-4.824000000000000163e-03
-3.886999999999999830e-03
-2.975000000000000214e-03
-1.529999999999999893e-03
-1.559999999999999972e-03
-3.246999999999999886e-03
-3.390999999999999917e-03
-1.492000000000000054e-03
-7.759999999999999971e-04
-9.790000000000000525e-04
-3.879999999999999985e-04
2.851999999999999934e-03
7.413000000000000318e-03
1.196000000000000014e-02
1.724799999999999944e-02
2.010500000000000134e-02
1.939300000000000052e-02
1.678899999999999837e-02
1.365199999999999921e-02
8.425000000000000197e-03
1.489000000000000089e-03
-4.635000000000000231e-03
-9.230999999999999622e-03
-1.049199999999999959e-02
-9.785999999999999560e-03
-6.976999999999999695e-03
-1.619999999999999912e-03
1.484999999999999992e-03
3.201999999999999985e-03
4.422999999999999848e-03
2.500000000000000052e-03
1.340000000000000045e-04
-3.030000000000000141e-03
-7.936000000000000346e-03
-1.097099999999999985e-02
-1.344599999999999962e-02
-1.431600000000000060e-02
-1.393299999999999920e-02
-1.334699999999999949e-02
-1.129999999999999928e-02
-6.531999999999999612e-03
1.809000000000000061e-03
1.082499999999999955e-02
1.812599999999999975e-02
2.192099999999999951e-02
2.227799999999999919e-02
2.018400000000000055e-02
1.483499999999999923e-02
7.186999999999999812e-03
-1.036999999999999944e-03
-7.491000000000000263e-03
-1.085900000000000060e-02
-1.147100000000000029e-02
-8.647000000000000172e-03
-1.461000000000000059e-03
8.817000000000000184e-03
1.752499999999999891e-02
2.274199999999999833e-02
2.349899999999999906e-02
2.048499999999999974e-02
1.440800000000000067e-02
7.302999999999999596e-03
2.223000000000000149e-03
-1.912999999999999987e-03
-6.061999999999999680e-03
-9.084000000000000061e-03
-9.254999999999999338e-03
-8.744000000000000036e-03
-8.132999999999999605e-03
-5.764000000000000026e-03
-2.485999999999999929e-03
-7.699999999999999597e-04
-1.253999999999999906e-03
-4.224000000000000324e-03
-6.780999999999999701e-03
-8.788000000000000672e-03
-1.054000000000000076e-02
-1.095600000000000046e-02
-1.227400000000000019e-02
-1.483199999999999970e-02
-1.570600000000000121e-02
-1.518800000000000011e-02
-1.391300000000000002e-02
-1.112999999999999927e-02
-7.795999999999999978e-03
-4.675000000000000336e-03
-2.418000000000000010e-03
-2.840000000000000076e-03
-4.261000000000000031e-03
-1.479999999999999979e-03
5.043999999999999873e-03
1.141099999999999927e-02
1.641000000000000097e-02
1.960599999999999843e-02
1.960599999999999843e-02
1.515599999999999933e-02
8.777999999999999345e-03
1.624000000000000010e-03
-3.557999999999999965e-03
-5.145000000000000268e-03
-7.045000000000000047e-03
-8.651000000000000703e-03
-8.574000000000000024e-03
-8.229999999999999469e-03
-8.255000000000000185e-03
-8.243000000000000327e-03
-8.085000000000000173e-03
-7.941999999999999407e-03
-8.554000000000000839e-03
-1.154799999999999924e-02
-1.323900000000000077e-02
-1.188200000000000020e-02
-9.051000000000000018e-03
-7.151000000000000238e-03
-5.402999999999999817e-03
-1.874999999999999931e-03
3.654999999999999829e-03
8.920000000000000845e-03
1.266399999999999991e-02
1.628800000000000039e-02
1.672500000000000028e-02
1.357599999999999953e-02
1.031900000000000005e-02
6.823000000000000072e-03
2.590999999999999987e-03
-8.829999999999999958e-04
-4.616000000000000311e-03
-6.237999999999999622e-03
-3.801999999999999824e-03
-1.689999999999999879e-04
3.482999999999999985e-03
7.781999999999999855e-03
1.126100000000000018e-02
1.183400000000000077e-02
9.466999999999999721e-03
6.372000000000000060e-03
2.782000000000000185e-03
-2.449999999999999921e-04
-5.619999999999999996e-04
3.159999999999999832e-04
1.941000000000000017e-03
3.514000000000000196e-03
5.897999999999999597e-03
9.046000000000000221e-03
1.217099999999999953e-02
1.520799999999999930e-02
1.830700000000000036e-02
2.065499999999999975e-02
2.098200000000000065e-02
1.935100000000000015e-02
1.473400000000000057e-02
7.375999999999999744e-03
1.621999999999999961e-03
-4.600000000000000004e-05
-8.589999999999999546e-04
-2.460000000000000164e-04
1.399999999999999986e-03
1.402000000000000034e-03
-7.069999999999999462e-04
-3.066999999999999848e-03
-4.362999999999999691e-03
-5.459999999999999576e-03
-5.505000000000000344e-03
-3.583999999999999946e-03
-3.579999999999999741e-04
2.079000000000000119e-03
1.634000000000000036e-03
-2.492999999999999990e-03
-9.903999999999999609e-03
-1.796400000000000080e-02
-2.239899999999999877e-02
-2.267100000000000018e-02
-1.946700000000000166e-02
-1.052799999999999916e-02
-1.794999999999999938e-03
2.665999999999999967e-03
4.799999999999999580e-03
2.204999999999999929e-03
-5.124000000000000082e-03
-1.069400000000000038e-02
-1.411899999999999961e-02
-1.647399999999999906e-02
-1.664500000000000007e-02
-1.616000000000000075e-02
-1.604500000000000023e-02
-1.582000000000000073e-02
-1.314599999999999970e-02
-7.073000000000000294e-03
3.440000000000000132e-04
6.999000000000000013e-03
1.002699999999999945e-02
1.102700000000000034e-02
1.341999999999999964e-02
1.520299999999999950e-02
1.519099999999999964e-02
1.561300000000000014e-02
1.818000000000000171e-02
2.044299999999999937e-02
2.021699999999999886e-02
1.683399999999999827e-02
1.238200000000000064e-02
6.820999999999999806e-03
2.860000000000000129e-04
-3.461000000000000101e-03
-4.207999999999999935e-03
-1.869999999999999917e-03
3.552000000000000036e-03
9.121000000000000635e-03
1.150499999999999960e-02
1.145900000000000044e-02
1.084700000000000074e-02
8.158000000000000321e-03
6.263000000000000338e-03
6.455999999999999933e-03
4.885999999999999718e-03
-2.860000000000000129e-04
-4.106000000000000275e-03
-7.374000000000000346e-03
-1.185300000000000069e-02
-1.342899999999999996e-02
-1.186800000000000008e-02
-8.583000000000000351e-03
-2.150000000000000001e-03
6.950999999999999714e-03
1.412799999999999993e-02
1.873100000000000112e-02
2.177799999999999875e-02
2.324899999999999883e-02
2.261499999999999969e-02
1.845099999999999865e-02
9.280000000000000054e-03
-7.023999999999999862e-03
-2.476199999999999929e-02
-3.518799999999999706e-02
-3.704199999999999854e-02
-3.386499999999999927e-02
-2.716899999999999871e-02
-1.946499999999999966e-02
-1.341999999999999964e-02
-1.068900000000000058e-02
-1.072500000000000016e-02
-1.094400000000000060e-02
-1.076799999999999979e-02
-1.041300000000000038e-02
-7.748999999999999812e-03
-1.526000000000000013e-03
6.766000000000000313e-03
1.454699999999999917e-02
1.706799999999999984e-02
1.518700000000000085e-02
1.143399999999999972e-02
2.785000000000000149e-03
-8.696999999999999870e-03
-1.619400000000000006e-02
-1.948099999999999832e-02
-1.967800000000000105e-02
-1.585299999999999904e-02
-7.974000000000000185e-03
1.469999999999999953e-04
6.318999999999999964e-03
9.750999999999999251e-03
1.117800000000000044e-02
1.128700000000000016e-02
1.050000000000000065e-02
6.928000000000000130e-03
1.413999999999999892e-03
-5.509000000000000008e-03
-1.135599999999999977e-02
-1.385699999999999953e-02
-1.350999999999999944e-02
-1.252499999999999968e-02
-1.024000000000000084e-02
-6.968000000000000235e-03
-3.697000000000000199e-03
1.740000000000000010e-04
4.525999999999999641e-03
8.031999999999999210e-03
1.081000000000000016e-02
1.120600000000000068e-02
6.670999999999999847e-03
-6.679999999999999740e-04
-4.910999999999999567e-03
-4.198000000000000342e-03
-6.229999999999999644e-04
3.889999999999999795e-03
7.823000000000000093e-03
1.043400000000000057e-02
9.933000000000000856e-03
5.003999999999999768e-03
-1.226000000000000093e-03
-4.348999999999999568e-03
-4.070999999999999966e-03
-3.103999999999999988e-03
-9.959999999999999236e-04
1.284999999999999901e-03
6.170000000000000354e-04
-2.504000000000000149e-03
-5.323999999999999740e-03
-6.039000000000000097e-03
-5.632999999999999986e-03
-4.466999999999999617e-03
-1.681999999999999901e-03
1.624000000000000010e-03
4.283999999999999614e-03
5.061999999999999660e-03
4.919999999999999894e-03
4.917999999999999629e-03
4.878999999999999657e-03
3.263999999999999974e-03
7.010000000000000172e-04
0.000000000000000000e+00
4.850000000000000253e-04
1.588999999999999918e-03
1.628000000000000107e-03
1.036000000000000029e-03
2.520000000000000104e-03
4.426000000000000247e-03
6.042999999999999761e-03
8.600999999999999271e-03
1.281299999999999974e-02
1.648399999999999865e-02
1.946200000000000013e-02
2.129599999999999896e-02
1.878900000000000015e-02
1.269999999999999948e-02
6.708000000000000421e-03
1.075000000000000001e-03
-3.151000000000000155e-03
-3.729000000000000110e-03
-1.822000000000000052e-03
9.709999999999999664e-04
2.216999999999999787e-03
5.839999999999999922e-04
-4.400000000000000265e-03
-1.056299999999999947e-02
-1.625499999999999862e-02
-1.995299999999999851e-02
-2.017899999999999902e-02
-1.807800000000000032e-02
-1.720400000000000054e-02
-1.622300000000000131e-02
-1.356599999999999993e-02
-1.157299999999999995e-02
-9.509000000000000091e-03
-6.394000000000000378e-03
-3.196000000000000056e-03
-2.500000000000000052e-04
3.158000000000000217e-03
8.323999999999999802e-03
1.307600000000000082e-02
1.485399999999999915e-02
1.425200000000000078e-02
9.669999999999999776e-03
1.389000000000000044e-03
-7.503000000000000121e-03
-1.517499999999999925e-02
-2.019599999999999868e-02
-2.169000000000000095e-02
-2.104500000000000121e-02
-1.890400000000000066e-02
-1.509600000000000004e-02
-9.457000000000000128e-03
-5.441999999999999789e-03
-3.752999999999999826e-03
-1.546999999999999981e-03
9.110000000000000259e-04
5.708999999999999665e-03
1.285799999999999964e-02
2.040099999999999900e-02
2.476000000000000076e-02
2.527000000000000079e-02
2.486599999999999921e-02
2.271300000000000055e-02
1.494000000000000015e-02
3.322999999999999999e-03
-5.184000000000000240e-03
-9.879999999999999893e-03
-1.146600000000000050e-02
-9.964000000000000634e-03
-6.612999999999999955e-03
-1.386999999999999995e-03
1.170000000000000033e-03
7.799999999999999859e-04
5.730000000000000501e-04
5.990000000000000316e-04
-2.168999999999999921e-03
-8.583000000000000351e-03
-1.580700000000000160e-02
-1.938799999999999898e-02
-1.913199999999999970e-02
-1.670500000000000110e-02
-1.250399999999999949e-02
-8.338999999999999191e-03
-4.263000000000000296e-03
-1.087000000000000076e-03
4.040000000000000080e-04
7.899999999999999579e-05
-2.746000000000000177e-03
-5.899999999999999863e-03
-7.889999999999999444e-03
-7.263999999999999624e-03
-1.949999999999999910e-03
7.649999999999999682e-03
1.818799999999999931e-02
2.638599999999999973e-02
2.831699999999999842e-02
2.650100000000000025e-02
2.476700000000000082e-02
2.318699999999999928e-02
2.044599999999999890e-02
1.687400000000000011e-02
1.247499999999999998e-02
9.031000000000000832e-03
7.346000000000000099e-03
5.151000000000000197e-03
5.035000000000000413e-03
8.293000000000000024e-03
1.182300000000000018e-02
1.458199999999999948e-02
1.604300000000000170e-02
1.572799999999999893e-02
1.358099999999999932e-02
1.054199999999999929e-02
7.714000000000000370e-03
5.141999999999999869e-03
5.048000000000000403e-03
8.795999999999999999e-03
1.545499999999999999e-02
2.204800000000000162e-02
2.448200000000000029e-02
2.143600000000000019e-02
1.129999999999999928e-02
-7.232999999999999846e-03
-2.489099999999999993e-02
-3.293700000000000100e-02
-3.549000000000000071e-02
-3.473299999999999998e-02
-3.140899999999999942e-02
-2.646300000000000041e-02
-2.045500000000000096e-02
-1.440600000000000040e-02
-1.024399999999999963e-02
-8.455000000000000709e-03
-6.186999999999999791e-03
-4.720000000000000237e-03
-5.364999999999999977e-03
-7.781999999999999855e-03
-9.804000000000000214e-03
-9.908999999999999406e-03
-9.027000000000000302e-03
-5.229000000000000141e-03
1.206999999999999957e-03
7.749999999999999944e-03
1.323299999999999997e-02
1.762299999999999978e-02
2.100799999999999890e-02
2.386299999999999880e-02
2.605100000000000124e-02
2.651099999999999984e-02
2.612199999999999939e-02
2.458400000000000168e-02
2.120899999999999869e-02
1.545999999999999978e-02
7.112000000000000266e-03
-2.900999999999999933e-03
-1.201100000000000084e-02
-1.901100000000000012e-02
-2.395200000000000107e-02
-2.761399999999999966e-02
-2.795699999999999921e-02
-2.493799999999999836e-02
-2.151300000000000087e-02
-1.882800000000000099e-02
-1.778199999999999920e-02
-1.914099999999999829e-02
-2.246599999999999986e-02
-2.553199999999999914e-02
-2.779300000000000173e-02
-2.721600000000000061e-02
-2.262000000000000122e-02
-1.538499999999999937e-02
-6.864999999999999575e-03
8.729999999999999696e-04
6.421999999999999757e-03
8.410000000000000808e-03
8.104999999999999358e-03
7.990999999999999839e-03
8.241999999999999327e-03
8.297000000000000555e-03
8.297999999999999821e-03
8.382000000000000561e-03
8.522000000000000061e-03
8.571000000000000493e-03
8.363000000000000642e-03
6.022999999999999708e-03
3.560999999999999929e-03
3.523999999999999789e-03
3.996000000000000420e-03
4.912999999999999833e-03
7.694999999999999583e-03
1.112800000000000074e-02
1.333400000000000037e-02
1.134199999999999965e-02
4.802999999999999978e-03
-3.932999999999999864e-03
-1.122599999999999987e-02
-1.448200000000000008e-02
-1.052600000000000063e-02
-1.008999999999999914e-03
1.156800000000000016e-02
2.195199999999999929e-02
2.632900000000000171e-02
2.535099999999999854e-02
1.900500000000000106e-02
6.357999999999999936e-03
-8.248999999999999388e-03
-1.792799999999999949e-02
-2.292200000000000140e-02
-2.511100000000000138e-02
-2.505500000000000088e-02
-2.347799999999999887e-02
-1.865199999999999844e-02
-1.217500000000000006e-02
-6.219999999999999835e-03
-2.020999999999999793e-03
1.307000000000000002e-03
6.390999999999999980e-03
1.174399999999999923e-02
1.376999999999999925e-02
1.170500000000000013e-02
5.921000000000000048e-03
-4.472000000000000280e-03
-1.566899999999999890e-02
-2.345300000000000162e-02
-2.760900000000000160e-02
-2.753900000000000098e-02
-2.255599999999999966e-02
-9.794000000000000622e-03
6.157000000000000146e-03
1.777799999999999866e-02
2.246599999999999986e-02
2.187499999999999861e-02
1.903699999999999837e-02
1.404599999999999946e-02
8.805000000000000326e-03
6.473999999999999720e-03
4.395999999999999734e-03
2.112000000000000162e-03
1.946999999999999946e-03
3.053999999999999857e-03
5.584999999999999687e-03
8.788000000000000672e-03
1.162400000000000065e-02
1.285000000000000031e-02
1.174700000000000050e-02
6.987000000000000155e-03
-1.708000000000000100e-03
-1.280899999999999921e-02
-2.054900000000000129e-02
-2.273199999999999874e-02
-2.058899999999999966e-02
-1.150799999999999913e-02
2.661000000000000171e-03
1.733300000000000118e-02
2.765700000000000103e-02
3.305000000000000299e-02
3.639499999999999680e-02
3.696599999999999886e-02
3.184700000000000031e-02
2.076300000000000021e-02
6.921000000000000069e-03
-3.964999999999999775e-03
-9.348000000000000406e-03
-1.102500000000000008e-02
-1.117600000000000017e-02
-9.374999999999999653e-03
-5.075999999999999783e-03
-9.669999999999999776e-04
1.968999999999999830e-03
4.730999999999999962e-03
6.825000000000000337e-03
8.286999999999999228e-03
9.105999999999999511e-03
6.459999999999999597e-03
4.091000000000000018e-03
3.671999999999999917e-03
2.713999999999999833e-03
3.249999999999999851e-03
4.785000000000000191e-03
5.049999999999999802e-03
3.821000000000000178e-03
-7.380000000000000492e-04
-7.702999999999999778e-03
-1.494499999999999995e-02
-1.973400000000000154e-02
-2.326699999999999949e-02
-2.518300000000000052e-02
-2.353399999999999936e-02
-1.802600000000000036e-02
-1.154799999999999924e-02
-5.316000000000000413e-03
2.442000000000000160e-03
1.038299999999999987e-02
1.382500000000000048e-02
1.346600000000000054e-02
1.084099999999999994e-02
2.998999999999999930e-03
-6.552999999999999797e-03
-1.243200000000000034e-02
-1.417099999999999957e-02
-1.381899999999999969e-02
-1.138400000000000002e-02
-6.995000000000000349e-03
-3.187999999999999862e-03
-3.809999999999999910e-04
1.585999999999999953e-03
2.913999999999999924e-03
2.614000000000000004e-03
1.119999999999999902e-03
-4.490000000000000176e-04
-8.660000000000000163e-04
-7.489999999999999913e-04
-2.422999999999999807e-03
-6.870000000000000238e-03
-1.100699999999999942e-02
-1.294000000000000011e-02
-1.298299999999999975e-02
-1.276099999999999977e-02
-1.275300000000000045e-02
-1.267800000000000003e-02
-1.256600000000000078e-02
-1.254899999999999939e-02
-1.248999999999999937e-02
-1.196099999999999941e-02
-8.285000000000000697e-03
1.659999999999999963e-04
1.376400000000000019e-02
2.727299999999999863e-02
3.631500000000000006e-02
4.010199999999999876e-02
4.024500000000000299e-02
3.719100000000000183e-02
3.032800000000000079e-02
2.052899999999999864e-02
1.003500000000000052e-02
-6.290000000000000018e-04
-1.126599999999999997e-02
-1.830199999999999882e-02
-2.320300000000000140e-02
-2.639700000000000032e-02
-2.638400000000000120e-02
-2.402999999999999928e-02
-2.015099999999999877e-02
-1.435799999999999924e-02
-8.501999999999999141e-03
-4.079000000000000160e-03
-7.249999999999999500e-04
9.579999999999999757e-04
-1.812000000000000026e-03
-7.667000000000000204e-03
-1.138899999999999982e-02
-1.388299999999999951e-02
-1.498999999999999985e-02
-1.247099999999999945e-02
-8.271999999999999839e-03
-3.944999999999999722e-03
-1.759999999999999954e-04
2.331999999999999872e-03
2.194999999999999903e-03
-5.760000000000000146e-04
-3.654000000000000130e-03
-4.879999999999999789e-03
-4.655000000000000283e-03
-3.827999999999999806e-03
-1.281000000000000021e-03
1.955999999999999839e-03
3.517999999999999860e-03
3.017999999999999849e-03
2.190000000000000106e-04
-3.514000000000000196e-03
-3.324999999999999831e-03
3.119999999999999944e-04
5.367000000000000243e-03
1.187599999999999940e-02
2.054100000000000023e-02
2.683299999999999921e-02
2.729900000000000035e-02
2.614800000000000110e-02
2.437800000000000036e-02
2.217799999999999980e-02
2.160499999999999921e-02
2.173500000000000085e-02
1.928799999999999959e-02
1.587600000000000122e-02
1.165300000000000016e-02
5.165000000000000320e-03
-2.373000000000000109e-03
-7.217999999999999590e-03
-9.797000000000000153e-03
-1.204700000000000042e-02
-1.408900000000000083e-02
-1.864999999999999991e-02
-2.396799999999999972e-02
-2.837399999999999992e-02
-3.178000000000000269e-02
-3.168499999999999789e-02
-2.671099999999999863e-02
-1.996900000000000064e-02
-1.361799999999999990e-02
-7.599999999999999985e-03
-2.054999999999999969e-03
2.961000000000000090e-03
9.745000000000000190e-03
1.887499999999999942e-02
2.922599999999999851e-02
3.820500000000000285e-02
4.462599999999999900e-02
4.803799999999999737e-02
4.936200000000000310e-02
4.899699999999999889e-02
4.532499999999999724e-02
3.790999999999999925e-02
2.634600000000000136e-02
1.284500000000000051e-02
4.636000000000000364e-03
1.469999999999999953e-04
-7.615000000000000241e-03
-1.435499999999999970e-02
-1.749399999999999913e-02
-1.565100000000000172e-02
-9.704000000000000820e-03
-4.799999999999999580e-03
-2.024999999999999890e-03
-1.100000000000000039e-04
-1.533000000000000074e-03
-7.027000000000000260e-03
-1.212399999999999936e-02
-1.585599999999999857e-02
-1.843300000000000147e-02
-2.128100000000000130e-02
-2.321199999999999999e-02
-2.421200000000000088e-02
-2.396600000000000119e-02
-2.105900000000000133e-02
-1.431400000000000033e-02
-5.179999999999999709e-03
5.062999999999999792e-03
1.165099999999999990e-02
1.385400000000000000e-02
1.423600000000000039e-02
1.246599999999999965e-02
7.016999999999999800e-03
-7.280000000000000230e-04
-9.213000000000000703e-03
-1.598600000000000021e-02
-2.134300000000000086e-02
-2.707100000000000131e-02
-3.283099999999999907e-02
-3.575699999999999712e-02
-3.545299999999999840e-02
-3.489899999999999947e-02
-3.418199999999999711e-02
-3.149699999999999722e-02
-2.620600000000000013e-02
-1.855100000000000152e-02
-9.480000000000000579e-03
4.000000000000000327e-05
8.878999999999999740e-03
1.405799999999999932e-02
1.554999999999999959e-02
1.569800000000000015e-02
1.302500000000000012e-02
7.426999999999999574e-03
1.297999999999999892e-03
-4.459000000000000290e-03
-9.579000000000000709e-03
-1.244699999999999973e-02
-1.508299999999999919e-02
-1.607700000000000101e-02
-1.571099999999999927e-02
-1.465200000000000009e-02
-8.925999999999999907e-03
4.539999999999999765e-04
9.057000000000000814e-03
1.717600000000000030e-02
2.595099999999999837e-02
3.411000000000000143e-02
3.990400000000000197e-02
4.125700000000000200e-02
4.077399999999999775e-02
4.025299999999999712e-02
3.688400000000000012e-02
3.004799999999999832e-02
1.973899999999999960e-02
7.943999999999999673e-03
-1.636000000000000084e-03
-7.191000000000000343e-03
-9.032000000000000098e-03
-8.189000000000000098e-03
-4.390999999999999938e-03
2.647000000000000047e-03
8.637999999999999845e-03
1.166900000000000055e-02
1.433199999999999925e-02
1.561799999999999994e-02
1.305300000000000037e-02
9.457999999999999394e-03
4.276000000000000287e-03
-2.223000000000000149e-03
-9.150000000000000147e-03
-1.411300000000000054e-02
-1.711599999999999927e-02
-1.754299999999999957e-02
-1.651899999999999896e-02
-1.261600000000000048e-02
-4.728999999999999697e-03
7.408999999999999787e-03
1.754999999999999963e-02
2.123399999999999940e-02
2.302999999999999839e-02
2.409000000000000030e-02
2.247499999999999845e-02
1.705200000000000118e-02
8.656000000000000499e-03
-1.381999999999999982e-03
-9.986999999999999350e-03
-1.517499999999999925e-02
-1.745400000000000076e-02
-2.001999999999999960e-02
-2.209699999999999859e-02
-2.436800000000000077e-02
-2.553100000000000161e-02
-2.523500000000000049e-02
-2.485899999999999915e-02
-2.317800000000000069e-02
-1.888600000000000001e-02
-1.432699999999999946e-02
-9.286000000000000851e-03
-2.827999999999999785e-03
4.635000000000000231e-03
1.109300000000000043e-02
1.527500000000000038e-02
1.661699999999999983e-02
1.640000000000000138e-02
1.552300000000000034e-02
1.408700000000000056e-02
1.264200000000000046e-02
1.166799999999999955e-02
1.175499999999999982e-02
1.274300000000000085e-02
1.352399999999999956e-02
1.243400000000000061e-02
1.058300000000000039e-02
7.825999999999999623e-03
4.833999999999999755e-03
2.743000000000000212e-03
2.465000000000000177e-03
2.811000000000000131e-03
3.070999999999999945e-03
4.523000000000000111e-03
5.334000000000000200e-03
4.551999999999999623e-03
5.375999999999999703e-03
7.341000000000000303e-03
1.025200000000000070e-02
1.422499999999999980e-02
1.816299999999999859e-02
1.940000000000000058e-02
1.887000000000000136e-02
1.505899999999999947e-02
5.592999999999999881e-03
-5.395999999999999755e-03
-1.506000000000000047e-02
-2.175699999999999856e-02
-2.611799999999999886e-02
-2.818599999999999925e-02
-2.794200000000000156e-02
-2.594099999999999878e-02
-2.251999999999999835e-02
-1.819000000000000131e-02
-1.411199999999999954e-02
-1.198199999999999960e-02
-1.089200000000000064e-02
-1.083899999999999968e-02
-1.030000000000000013e-02
-8.663999999999999826e-03
-6.832000000000000399e-03
-4.147999999999999778e-03
1.083999999999999894e-03
4.191000000000000281e-03
3.923000000000000272e-03
2.207999999999999893e-03
-2.360999999999999818e-03
-7.372000000000000081e-03
-1.042399999999999924e-02
-1.263099999999999987e-02
-1.297399999999999942e-02
-1.033399999999999944e-02
-6.468999999999999924e-03
-2.177000000000000116e-03
1.711000000000000064e-03
4.374000000000000284e-03
4.022999999999999667e-03
6.740000000000000114e-04
-2.410999999999999949e-03
-6.203000000000000180e-03
-1.060999999999999964e-02
-1.422000000000000000e-02
-1.453800000000000057e-02
-1.164399999999999984e-02
-5.734000000000000381e-03
4.356999999999999762e-03
1.399800000000000003e-02
2.053400000000000017e-02
2.354699999999999849e-02
2.294300000000000159e-02
1.993400000000000033e-02
1.548000000000000070e-02
9.860999999999999974e-03
3.853999999999999787e-03
-1.258999999999999920e-03
-4.446000000000000299e-03
-7.035999999999999720e-03
-9.596999999999999628e-03
-9.324000000000000690e-03
-5.898999999999999730e-03
-1.868000000000000086e-03
3.311999999999999840e-03
8.559000000000000635e-03
1.341499999999999984e-02
1.887899999999999995e-02
2.244900000000000020e-02
2.287799999999999903e-02
2.244000000000000161e-02
2.138299999999999923e-02
1.877200000000000049e-02
1.595900000000000096e-02
1.455200000000000070e-02
1.262100000000000027e-02
9.641000000000000264e-03
6.734999999999999667e-03
5.223000000000000212e-03
3.714999999999999986e-03
1.314999999999999980e-03
4.850000000000000253e-04
-3.000000000000000076e-05
-1.521999999999999915e-03
-3.122999999999999908e-03
-4.019000000000000003e-03
-4.500999999999999793e-03
-6.666000000000000050e-03
-8.869000000000000147e-03
-1.013200000000000038e-02
-1.079100000000000024e-02
-9.787000000000000560e-03
-1.019199999999999967e-02
-1.192999999999999963e-02
-1.451299999999999986e-02
-1.773500000000000076e-02
-2.172699999999999979e-02
-2.458000000000000115e-02
-2.732400000000000106e-02
-2.743100000000000052e-02
-2.433799999999999852e-02
-2.093599999999999975e-02
-1.805000000000000007e-02
-1.495200000000000001e-02
-1.029200000000000080e-02
-3.288999999999999823e-03
2.380999999999999870e-03
5.340000000000000129e-03
7.393000000000000266e-03
8.038000000000000006e-03
6.812000000000000347e-03
3.761000000000000020e-03
-6.380000000000000037e-04
-4.612999999999999913e-03
-7.442999999999999963e-03
-1.019300000000000067e-02
-1.201699999999999990e-02
-1.202600000000000023e-02
-1.132299999999999973e-02
-8.869000000000000147e-03
-3.491999999999999878e-03
2.092000000000000109e-03
6.158000000000000279e-03
9.915999999999999467e-03
1.211300000000000050e-02
1.405200000000000025e-02
1.620200000000000112e-02
1.560300000000000055e-02
1.223899999999999988e-02
7.629999999999999630e-03
3.772999999999999878e-03
1.066000000000000107e-03
-6.449999999999999570e-04
3.719999999999999891e-04
3.589999999999999875e-03
6.901000000000000016e-03
9.794000000000000622e-03
1.110000000000000049e-02
8.810999999999999388e-03
4.055999999999999710e-03
-1.732999999999999948e-03
-6.718000000000000013e-03
-8.890000000000000333e-03
-9.086000000000000326e-03
-5.127999999999999746e-03
2.576999999999999864e-03
1.046300000000000008e-02
1.705699999999999925e-02
2.112100000000000088e-02
2.372099999999999903e-02
2.538199999999999831e-02
2.534499999999999947e-02
2.294600000000000112e-02
1.770599999999999952e-02
1.237399999999999958e-02
1.003500000000000052e-02
7.908999999999999364e-03
3.886999999999999830e-03
9.550000000000000112e-04
-7.360000000000000006e-04
-3.595000000000000105e-03
-5.730999999999999983e-03
-6.739000000000000198e-03
-6.736999999999999933e-03
-6.106000000000000316e-03
-3.909000000000000148e-03
-1.587000000000000086e-03
-1.118999999999999986e-03
-1.749999999999999982e-04
1.216999999999999983e-03
1.391000000000000092e-03
1.167000000000000069e-03
2.649999999999999903e-04
-2.325999999999999943e-03
-5.793000000000000406e-03
-1.015300000000000057e-02
-1.390500000000000069e-02
-1.596200000000000049e-02
-1.702700000000000047e-02
-1.717099999999999876e-02
-1.607700000000000101e-02
-1.565300000000000025e-02
-1.578500000000000042e-02
-1.654900000000000121e-02
-1.814100000000000087e-02
-1.985900000000000165e-02
-2.256599999999999925e-02
-2.614599999999999910e-02
-3.004000000000000073e-02
-3.291899999999999687e-02
-3.643199999999999911e-02
-3.840699999999999670e-02
-3.746200000000000224e-02
-3.299200000000000049e-02
-2.654600000000000015e-02
-2.002500000000000113e-02
-1.248299999999999930e-02
-3.664000000000000156e-03
4.440999999999999635e-03
1.064700000000000021e-02
1.407500000000000070e-02
1.532299999999999982e-02
1.500899999999999977e-02
1.343500000000000076e-02
1.188099999999999920e-02
9.608000000000000221e-03
7.933000000000000815e-03
9.483000000000000110e-03
1.246399999999999939e-02
1.400799999999999962e-02
1.524299999999999961e-02
1.582300000000000026e-02
1.554200000000000026e-02
1.408700000000000056e-02
1.306200000000000069e-02
1.319400000000000087e-02
1.255299999999999992e-02
1.090600000000000076e-02
9.284000000000000585e-03
7.576000000000000269e-03
3.962000000000000244e-03
-1.409000000000000096e-03
-7.457000000000000087e-03
-1.197999999999999933e-02
-1.550900000000000022e-02
-1.673300000000000134e-02
-1.519000000000000038e-02
-1.020100000000000000e-02
-4.807999999999999774e-03
-1.340000000000000045e-03
2.364000000000000216e-03
6.733000000000000269e-03
1.019499999999999920e-02
1.409200000000000036e-02
1.980200000000000016e-02
2.537100000000000119e-02
2.968600000000000058e-02
3.283400000000000207e-02
3.462799999999999906e-02
3.479199999999999654e-02
3.389899999999999858e-02
2.953400000000000122e-02
2.170300000000000007e-02
1.579799999999999954e-02
1.205400000000000048e-02
9.414999999999999758e-03
7.854999999999999136e-03
7.818000000000000296e-03
9.591999999999999832e-03
1.141600000000000080e-02
1.263099999999999987e-02
1.276000000000000051e-02
1.213799999999999948e-02
9.848000000000000850e-03
6.731000000000000004e-03
4.739000000000000157e-03
1.665000000000000030e-03
-3.396999999999999846e-03
-6.566999999999999921e-03
-9.148999999999999147e-03
-1.203899999999999935e-02
-1.479800000000000039e-02
-1.670299999999999910e-02
-1.880400000000000127e-02
-1.962500000000000008e-02
-1.935900000000000121e-02
-1.861000000000000154e-02
-1.356199999999999940e-02
-4.911999999999999700e-03
1.136999999999999990e-03
4.625999999999999904e-03
7.583999999999999596e-03
8.753000000000000363e-03
7.165000000000000362e-03
5.459000000000000311e-03
4.230000000000000253e-03
4.989999999999999644e-03
6.611999999999999822e-03
6.825999999999999603e-03
6.604999999999999760e-03
6.718000000000000013e-03
7.000000000000000146e-03
8.420999999999999666e-03
1.118000000000000070e-02
1.244199999999999993e-02
1.218100000000000085e-02
1.201299999999999937e-02
1.107400000000000051e-02
8.279999999999999166e-03
5.086000000000000243e-03
2.317000000000000049e-03
-4.279999999999999950e-04
-2.517999999999999839e-03
-3.687000000000000173e-03
-3.591000000000000008e-03
-2.364999999999999915e-03
-1.559999999999999972e-03
4.899999999999999842e-04
2.834000000000000147e-03
3.275000000000000133e-03
2.748000000000000009e-03
9.640000000000000131e-04
-1.515000000000000071e-03
-3.057999999999999954e-03
-6.294000000000000115e-03
-1.194199999999999949e-02
-1.782800000000000010e-02
-2.175799999999999956e-02
-2.424199999999999966e-02
-2.625500000000000056e-02
-2.679099999999999884e-02
-2.646099999999999841e-02
-2.588999999999999982e-02
-2.307299999999999976e-02
-1.919600000000000126e-02
-1.733799999999999925e-02
-1.518700000000000085e-02
-1.230599999999999923e-02
-1.183999999999999983e-02
-1.163199999999999998e-02
-1.003500000000000052e-02
-8.234000000000000000e-03
-7.929999999999999549e-03
-9.350999999999999937e-03
-1.094599999999999913e-02
-1.289500000000000021e-02
-1.507200000000000033e-02
-1.548700000000000077e-02
-1.512100000000000076e-02
-1.504100000000000055e-02
-1.504999999999999914e-02
-1.448100000000000082e-02
-1.210400000000000018e-02
-7.898000000000000506e-03
-2.105999999999999799e-03
4.290999999999999676e-03
9.721999999999999739e-03
1.192200000000000031e-02
1.380699999999999983e-02
1.593999999999999931e-02
1.753400000000000097e-02
1.853600000000000039e-02
1.773999999999999883e-02
1.466300000000000069e-02
1.319400000000000087e-02
1.258500000000000070e-02
1.139000000000000082e-02
1.081999999999999976e-02
1.012200000000000079e-02
1.089799999999999970e-02
1.170400000000000086e-02
1.171099999999999919e-02
1.170900000000000066e-02
1.222799999999999929e-02
1.385199999999999973e-02
1.466499999999999922e-02
1.356899999999999946e-02
1.195200000000000082e-02
1.026799999999999935e-02
7.920999999999999222e-03
6.419000000000000226e-03
4.385000000000000009e-03
2.197000000000000168e-03
-2.599999999999999772e-04
-3.095999999999999794e-03
-6.108999999999999847e-03
-7.749999999999999944e-03
-7.519999999999999775e-03
-8.255999999999999450e-03
-1.091499999999999936e-02
-1.249100000000000037e-02
-1.225900000000000080e-02
-1.192299999999999957e-02
-1.193899999999999996e-02
-1.187999999999999994e-02
-1.199399999999999945e-02
-1.357900000000000079e-02
-1.615199999999999969e-02
-1.637299999999999867e-02
-1.348899999999999925e-02
-9.013000000000000178e-03
-3.227999999999999967e-03
2.304000000000000058e-03
6.629999999999999609e-03
9.806999999999999745e-03
1.260499999999999989e-02
1.425300000000000004e-02
1.405099999999999925e-02
1.195200000000000082e-02
9.553000000000000727e-03
7.431000000000000105e-03
4.758000000000000076e-03
4.089999999999999886e-03
4.557000000000000287e-03
5.176000000000000045e-03
7.391000000000000000e-03
9.742999999999999924e-03
1.030599999999999919e-02
1.133800000000000086e-02
1.263599999999999966e-02
1.217200000000000053e-02
9.615999999999999548e-03
6.428999999999999819e-03
3.569000000000000124e-03
7.230000000000000098e-04
-2.196000000000000035e-03
-4.387000000000000274e-03
-4.734000000000000360e-03
-3.269999999999999903e-03
-5.460000000000000443e-04
1.245999999999999929e-03
3.216999999999999808e-03
5.654000000000000171e-03
7.257999999999999695e-03
9.440000000000000474e-03
9.811000000000000276e-03
8.210999999999999549e-03
6.453999999999999668e-03
4.400000000000000265e-03
1.554999999999999959e-03
9.210000000000000521e-04
1.730999999999999900e-03
3.801999999999999824e-03
6.904000000000000414e-03
1.004799999999999964e-02
1.182000000000000065e-02
1.193699999999999969e-02
1.104499999999999926e-02
8.030000000000000679e-03
5.041999999999999607e-03
3.669999999999999760e-04
-5.845999999999999634e-03
-1.184999999999999942e-02
-1.712599999999999886e-02
-2.074300000000000102e-02
-2.275200000000000139e-02
-2.304900000000000004e-02
-2.276800000000000004e-02
-2.245600000000000027e-02
-2.066099999999999881e-02
-1.799800000000000011e-02
-1.712400000000000033e-02
-1.742399999999999852e-02
-1.746199999999999836e-02
-1.781299999999999897e-02
-2.026999999999999982e-02
-2.135199999999999945e-02
-2.182900000000000118e-02
-2.221000000000000058e-02
-2.209399999999999906e-02
-2.154100000000000112e-02
-1.869699999999999834e-02
-1.422700000000000006e-02
-1.063399999999999936e-02
-7.729999999999999892e-03
-4.712000000000000043e-03
-2.027000000000000156e-03
-6.220000000000000485e-04
1.508999999999999925e-03
3.910000000000000281e-03
6.853999999999999850e-03
1.219399999999999998e-02
1.677199999999999872e-02
1.951299999999999910e-02
2.219000000000000139e-02
2.401700000000000015e-02
2.164999999999999911e-02
1.711999999999999980e-02
1.353200000000000063e-02
8.163999999999999382e-03
-3.820000000000000153e-04
-8.165000000000000382e-03
-1.253899999999999980e-02
-1.538899999999999990e-02
-1.879400000000000168e-02
-1.833699999999999913e-02
-1.319000000000000034e-02
-5.701000000000000338e-03
1.946000000000000030e-03
8.411000000000000074e-03
1.117600000000000017e-02
1.229399999999999937e-02
1.364699999999999941e-02
1.390699999999999922e-02
1.182199999999999918e-02
1.179499999999999993e-02
1.244299999999999920e-02
1.099299999999999930e-02
1.018600000000000061e-02
1.048699999999999979e-02
1.035200000000000009e-02
8.427000000000000463e-03
5.974000000000000143e-03
4.621000000000000107e-03
4.527999999999999907e-03
5.693000000000000144e-03
6.532999999999999745e-03
8.552000000000000574e-03
1.098099999999999944e-02
1.252799999999999921e-02
1.489900000000000078e-02
1.653400000000000009e-02
1.649000000000000118e-02
1.636900000000000160e-02
1.643000000000000016e-02
1.443400000000000065e-02
1.154999999999999950e-02
1.121100000000000048e-02
1.083399999999999988e-02
7.723999999999999963e-03
6.189000000000000057e-03
5.446000000000000320e-03
3.011999999999999920e-03
1.621999999999999961e-03
1.309999999999999967e-03
-7.510000000000000399e-04
-3.054999999999999990e-03
-4.451000000000000095e-03
-6.997999999999999880e-03
-9.813999999999999807e-03
-1.120400000000000042e-02
-1.241699999999999922e-02
-1.477299999999999967e-02
-1.754299999999999957e-02
-1.797199999999999839e-02
-1.748200000000000101e-02
-1.739599999999999827e-02
-1.737800000000000109e-02
-1.731999999999999859e-02
-1.747200000000000142e-02
-1.880400000000000127e-02
-2.033300000000000038e-02
-2.174399999999999944e-02
-2.221300000000000011e-02
-2.182399999999999965e-02
-2.007000000000000103e-02
-1.694599999999999926e-02
-1.370500000000000017e-02
-9.787000000000000560e-03
-4.264999999999999694e-03
-7.050000000000000060e-04
1.031000000000000015e-03
3.821999999999999877e-03
7.159000000000000433e-03
9.011999999999999178e-03
9.018999999999999240e-03
8.824000000000000246e-03
9.006999999999999382e-03
9.145999999999999616e-03
9.171000000000000332e-03
9.175000000000000863e-03
8.904000000000000456e-03
7.043999999999999914e-03
4.627000000000000036e-03
4.140999999999999716e-03
4.556000000000000154e-03
4.628000000000000169e-03
3.655999999999999962e-03
6.319999999999999663e-04
-8.329999999999999731e-04
-2.482999999999999964e-03
-5.109999999999999959e-03
-5.537000000000000255e-03
-4.524000000000000243e-03
-2.004999999999999838e-03
2.239999999999999966e-04
6.080000000000000335e-04
1.991999999999999847e-03
4.712000000000000043e-03
5.753999999999999566e-03
6.370999999999999927e-03
8.897999999999999660e-03
1.114500000000000039e-02
1.313100000000000031e-02
1.540000000000000049e-02
1.611999999999999891e-02
1.590199999999999947e-02
1.570399999999999921e-02
1.404700000000000046e-02
1.149599999999999927e-02
1.079399999999999978e-02
1.102700000000000034e-02
8.781000000000000610e-03
6.139000000000000359e-03
6.078000000000000069e-03
6.564000000000000390e-03
6.453000000000000402e-03
4.309000000000000330e-03
1.167000000000000069e-03
-1.845000000000000069e-03
-3.531999999999999983e-03
-3.346000000000000016e-03
-3.070999999999999945e-03
-2.981999999999999842e-03
-1.420999999999999954e-03
1.374999999999999920e-03
3.062000000000000052e-03
3.562000000000000062e-03
2.589000000000000155e-03
2.161999999999999859e-03
2.383000000000000135e-03
2.567999999999999970e-03
2.618999999999999800e-03
2.752000000000000106e-03
3.905000000000000051e-03
5.048999999999999669e-03
3.817000000000000080e-03
2.690000000000000117e-03
1.325000000000000006e-03
-2.720000000000000195e-03
-7.555000000000000084e-03
-1.156800000000000016e-02
-1.447400000000000075e-02
-1.659800000000000164e-02
-1.704599999999999865e-02
-1.667199999999999932e-02
-1.654800000000000021e-02
-1.657600000000000046e-02
-1.657399999999999846e-02
-1.787100000000000147e-02
-2.109600000000000017e-02
-2.428100000000000050e-02
-2.691500000000000142e-02
-2.943399999999999836e-02
-2.906299999999999856e-02
-2.566500000000000031e-02
-2.225200000000000095e-02
-1.861900000000000013e-02
-1.413000000000000020e-02
-1.049500000000000086e-02
-7.734999999999999688e-03
-5.758000000000000097e-03
-5.392000000000000091e-03
-5.564000000000000369e-03
-4.964999999999999795e-03
-2.345999999999999995e-03
5.899999999999999754e-05
1.907999999999999974e-03
4.769999999999999934e-03
7.964999999999999858e-03
1.188299999999999947e-02
1.630099999999999952e-02
1.968400000000000011e-02
2.244700000000000167e-02
2.527099999999999833e-02
2.727399999999999963e-02
2.737799999999999956e-02
2.559399999999999870e-02
2.219000000000000139e-02
1.755500000000000116e-02
1.383000000000000028e-02
1.100399999999999989e-02
7.156000000000000034e-03
4.438000000000000105e-03
3.993000000000000022e-03
3.494999999999999843e-03
4.369999999999999753e-03
6.009999999999999717e-03
6.158000000000000279e-03
5.981000000000000205e-03
5.416999999999999940e-03
3.993000000000000022e-03
2.256000000000000193e-03
8.289999999999999843e-04
-2.229999999999999994e-04
-3.260000000000000094e-04
-1.740000000000000010e-04
-9.899999999999999404e-05
1.000999999999999937e-03
2.403999999999999887e-03
2.537999999999999892e-03
1.724000000000000055e-03
1.550000000000000000e-04
-4.440000000000000045e-04
-1.869999999999999917e-04
-1.699999999999999987e-05
-8.200000000000000095e-05
-2.010000000000000068e-04
-1.129999999999999928e-03
-2.769000000000000194e-03
-4.337999999999999842e-03
-5.675000000000000357e-03
-7.241000000000000041e-03
-8.758999999999999425e-03
-1.007699999999999915e-02
-1.032399999999999984e-02
-1.013900000000000044e-02
-1.014199999999999997e-02
-1.098499999999999997e-02
-1.243400000000000061e-02
-1.159400000000000014e-02
-9.726999999999999535e-03
-7.493999999999999793e-03
-3.769999999999999914e-03
9.790000000000000525e-04
5.538000000000000388e-03
9.691999999999999227e-03
1.276000000000000051e-02
1.491400000000000017e-02
1.626700000000000021e-02
1.747699999999999948e-02
1.779299999999999979e-02
1.763999999999999943e-02
1.761599999999999971e-02
1.850999999999999868e-02
1.982400000000000134e-02
1.875100000000000031e-02
1.689699999999999883e-02
1.475600000000000002e-02
1.166200000000000049e-02
8.496999999999999345e-03
5.558999999999999705e-03
2.537999999999999892e-03
-4.360000000000000269e-04
-2.550999999999999882e-03
-3.836000000000000000e-03
-5.278999999999999838e-03
-6.958999999999999908e-03
-7.742999999999999883e-03
-7.565999999999999809e-03
-7.387000000000000337e-03
-6.309000000000000372e-03
-5.034000000000000280e-03
-4.919999999999999894e-03
-5.079000000000000181e-03
-4.001000000000000216e-03
-2.500000000000000052e-03
-2.001000000000000174e-03
-8.120000000000000048e-04
6.000000000000000152e-05
5.800000000000000034e-05
-4.399999999999999886e-05
-3.130000000000000187e-04
-1.891000000000000103e-03
-3.540000000000000178e-03
-4.925999999999999823e-03
-5.307000000000000085e-03
-5.148999999999999931e-03
-5.514999999999999937e-03
-7.132999999999999584e-03
-7.945000000000000673e-03
-7.686000000000000124e-03
-7.557999999999999614e-03
-7.361000000000000355e-03
-5.452000000000000249e-03
-2.988999999999999903e-03
-1.585999999999999953e-03
-3.910000000000000172e-04
-7.600000000000000418e-05
-5.860000000000000408e-04
-2.102000000000000136e-03
-3.635000000000000210e-03
-5.146999999999999666e-03
-6.620000000000000016e-03
-7.780999999999999722e-03
-8.276000000000000370e-03
-9.681999999999999634e-03
-1.054500000000000055e-02
-1.035900000000000015e-02
-1.017900000000000055e-02
-1.024100000000000010e-02
-9.821999999999999134e-03
-8.309000000000000413e-03
-7.535000000000000031e-03
-6.522000000000000020e-03
-3.963999999999999642e-03
-2.148000000000000170e-03
-8.059999999999999673e-04
6.319999999999999663e-04
3.106999999999999953e-03
5.977999999999999807e-03
7.329999999999999710e-03
7.156000000000000034e-03
7.000000000000000146e-03
6.962999999999999572e-03
4.739000000000000157e-03
1.415000000000000025e-03
-1.729999999999999984e-03
-3.395000000000000014e-03
-3.278000000000000098e-03
-3.065000000000000016e-03
-2.929000000000000180e-03
-1.330000000000000019e-03
1.324000000000000090e-03
2.269999999999999882e-03
3.462999999999999932e-03
6.525999999999999683e-03
7.446000000000000361e-03
6.629000000000000344e-03
4.505000000000000324e-03
2.070999999999999924e-03
-1.190000000000000058e-04
-4.034000000000000259e-03
-7.459999999999999618e-03
-8.639000000000000845e-03
-8.406000000000000277e-03
-7.672000000000000000e-03
-5.354000000000000252e-03
-1.314999999999999980e-03
2.181999999999999912e-03
5.054000000000000332e-03
6.845000000000000390e-03
6.793000000000000427e-03
6.466999999999999658e-03
5.479000000000000363e-03
2.897999999999999968e-03
9.929999999999999591e-04
-3.379999999999999758e-04
-1.087000000000000076e-03
-1.155999999999999910e-03
-2.076000000000000154e-03
-3.599000000000000202e-03
-3.880000000000000202e-03
-3.644999999999999803e-03
-3.603999999999999999e-03
-2.798000000000000140e-03
-1.348000000000000023e-03
-8.949999999999999623e-04
2.020000000000000040e-04
1.333999999999999899e-03
6.949999999999999798e-04
-1.902999999999999961e-03
-3.956000000000000315e-03
-4.238999999999999713e-03
-5.014000000000000228e-03
-4.774999999999999731e-03
-4.418000000000000052e-03
-5.942000000000000233e-03
-6.882000000000000096e-03
-7.679000000000000062e-03
-7.510000000000000182e-03
-6.520999999999999887e-03
-5.753000000000000301e-03
-4.360000000000000160e-03
-3.821000000000000178e-03
-3.877999999999999937e-03
-2.918000000000000021e-03
-3.164999999999999845e-03
-4.102999999999999876e-03
-4.065000000000000037e-03
-1.714999999999999945e-03
1.234999999999999987e-03
3.288000000000000124e-03
5.459999999999999576e-03
7.039000000000000118e-03
9.256999999999999604e-03
1.092899999999999948e-02
1.097700000000000065e-02
1.077799999999999939e-02
1.084800000000000000e-02
1.082699999999999982e-02
9.683999999999999900e-03
7.729999999999999892e-03
6.577000000000000381e-03
5.424000000000000002e-03
2.867999999999999890e-03
5.199999999999999544e-04
-2.007999999999999802e-03
-4.504000000000000191e-03
-5.125000000000000215e-03
-5.669000000000000428e-03
-4.214999999999999997e-03
-1.895999999999999899e-03
-4.070000000000000267e-04
7.929999999999999766e-04
2.344999999999999862e-03
3.177999999999999835e-03
2.985999999999999939e-03
1.835999999999999958e-03
2.939999999999999905e-04
-1.505999999999999960e-03
-3.924999999999999670e-03
-4.871000000000000330e-03
-5.401000000000000419e-03
-5.785000000000000211e-03
-4.619999999999999975e-03
-2.504999999999999848e-03
-1.019999999999999992e-04
1.399999999999999986e-03
3.572999999999999787e-03
5.621000000000000128e-03
6.830000000000000134e-03
6.305999999999999973e-03
5.203000000000000159e-03
5.126000000000000348e-03
5.355999999999999650e-03
5.388000000000000428e-03
5.348999999999999588e-03
5.346000000000000058e-03
5.348000000000000323e-03
5.387000000000000295e-03
6.361000000000000335e-03
8.026000000000000148e-03
9.627999999999999406e-03
1.049100000000000033e-02
1.103900000000000020e-02
1.329800000000000079e-02
1.541200000000000035e-02
1.555199999999999985e-02
1.453400000000000004e-02
1.155199999999999977e-02
8.411999999999999339e-03
3.651000000000000165e-03
-2.488000000000000194e-03
-6.960000000000000041e-03
-9.348000000000000406e-03
-1.059099999999999972e-02
-1.197499999999999953e-02
-1.164500000000000084e-02
-9.820000000000000603e-03
-7.922999999999999488e-03
-5.185000000000000372e-03
-2.589999999999999854e-03
-1.206000000000000041e-03
6.600000000000000506e-05
7.799999999999999859e-05
-2.772999999999999857e-03
-5.096999999999999968e-03
-4.962000000000000265e-03
-4.545999999999999694e-03
-3.579000000000000150e-03
-1.010999999999999963e-03
1.186999999999999904e-03
4.061999999999999639e-03
5.753999999999999566e-03
5.503000000000000079e-03
5.191000000000000301e-03
5.278999999999999838e-03
5.335000000000000332e-03
5.348999999999999588e-03
5.478000000000000230e-03
5.510000000000000141e-03
5.433000000000000329e-03
5.205000000000000425e-03
3.799999999999999992e-03
2.213000000000000123e-03
7.510000000000000399e-04
2.669999999999999847e-04
4.380000000000000213e-04
2.860000000000000129e-04
-1.521000000000000000e-03
-4.111000000000000071e-03
-5.607000000000000005e-03
-7.727999999999999627e-03
-9.610999999999999752e-03
-9.740000000000000394e-03
-9.442000000000000740e-03
-8.956999999999999684e-03
-6.666000000000000050e-03
-3.403999999999999908e-03
-5.249999999999999676e-04
1.074000000000000085e-03
2.798999999999999839e-03
5.223000000000000212e-03
6.085000000000000131e-03
5.793999999999999671e-03
5.700000000000000205e-03
5.740999999999999576e-03
5.703999999999999869e-03
5.689999999999999745e-03
5.708999999999999665e-03
5.720000000000000258e-03
5.730999999999999983e-03
5.793999999999999671e-03
5.461999999999999841e-03
3.892000000000000060e-03
2.351999999999999924e-03
1.090999999999999956e-03
1.737000000000000046e-03
1.992999999999999980e-03
1.342000000000000094e-03
2.080999999999999951e-03
1.554999999999999959e-03
7.699999999999999597e-04
8.350000000000000217e-04
9.899999999999999946e-04
5.770000000000000389e-04
-1.526000000000000013e-03
-3.937999999999999660e-03
-5.389999999999999826e-03
-7.727000000000000361e-03
-1.065499999999999954e-02
-1.221299999999999990e-02
-1.405099999999999925e-02
-1.635700000000000001e-02
-1.693800000000000167e-02
-1.634299999999999989e-02
-1.492199999999999950e-02
-1.346100000000000074e-02
-1.127000000000000050e-02
-8.101000000000000562e-03
-5.113999999999999622e-03
-3.706000000000000093e-03
-3.746000000000000198e-03
-3.860000000000000150e-03
-3.758000000000000056e-03
-2.756000000000000203e-03
-1.110000000000000011e-04
2.101000000000000003e-03
4.996999999999999706e-03
6.732000000000000137e-03
6.525000000000000418e-03
6.275000000000000196e-03
6.181999999999999995e-03
4.865999999999999666e-03
3.274000000000000000e-03
1.744000000000000107e-03
1.234000000000000071e-03
1.417999999999999990e-03
1.471000000000000085e-03
1.366000000000000027e-03
1.374000000000000004e-03
1.529999999999999893e-03
1.595000000000000064e-03
1.577000000000000060e-03
1.565999999999999901e-03
1.515000000000000071e-03
1.479999999999999979e-03
1.490999999999999921e-03
1.624000000000000010e-03
3.083999999999999936e-03
5.811000000000000193e-03
7.477000000000000139e-03
8.831000000000000308e-03
1.018799999999999914e-02
1.044199999999999989e-02
9.325999999999999221e-03
9.010000000000000647e-03
9.233999999999999153e-03
9.265000000000000666e-03
9.306999999999999301e-03
1.032300000000000058e-02
1.032300000000000058e-02
8.805000000000000326e-03
7.121999999999999859e-03
6.548000000000000001e-03
5.523000000000000131e-03
2.703000000000000107e-03
-4.850000000000000253e-04
-2.850999999999999802e-03
-3.467000000000000030e-03
-4.253999999999999969e-03
-6.832000000000000399e-03
-8.481000000000000691e-03
-8.328999999999999598e-03
-7.493999999999999793e-03
-5.278999999999999838e-03
-3.242000000000000090e-03
-3.052000000000000025e-03
-3.298999999999999849e-03
-3.670999999999999784e-03
-5.176000000000000045e-03
-6.021999999999999575e-03
-6.808999999999999948e-03
-7.830999999999999420e-03
-6.690999999999999899e-03
-4.965999999999999928e-03
-3.468000000000000162e-03
-2.913999999999999924e-03
-2.933999999999999976e-03
-1.753000000000000001e-03
-7.519999999999999558e-04
-2.177999999999999815e-03
-4.000000000000000083e-03
-6.230000000000000294e-03
-8.089999999999999969e-03
-9.525999999999999746e-03
-1.052400000000000037e-02
-1.054399999999999955e-02
-1.039400000000000046e-02
-1.033199999999999917e-02
-9.169000000000000067e-03
-7.807999999999999836e-03
-8.148000000000000728e-03
-9.221000000000000030e-03
-8.323000000000000537e-03
-8.611000000000000598e-03
-1.024800000000000016e-02
-1.051799999999999957e-02
-1.020300000000000026e-02
-1.020700000000000079e-02
-1.028199999999999947e-02
-1.022600000000000071e-02
-9.955999999999999572e-03
-8.590999999999999678e-03
-6.538000000000000408e-03
-3.396000000000000147e-03
-2.077999999999999986e-03
-4.060000000000000024e-04
2.314999999999999784e-03
2.893999999999999871e-03
2.520999999999999804e-03
2.504999999999999848e-03
2.593999999999999952e-03
2.482999999999999964e-03
1.082000000000000062e-03
-1.582000000000000073e-03
-2.782999999999999884e-03
-2.553000000000000148e-03
-3.302999999999999946e-03
-5.841999999999999971e-03
-7.582000000000000198e-03
-7.289000000000000340e-03
-5.236000000000000203e-03
-2.748000000000000009e-03
-4.920000000000000328e-04
2.517000000000000140e-03
5.610999999999999668e-03
9.485000000000000375e-03
1.237800000000000011e-02
1.365000000000000067e-02
1.495900000000000007e-02
1.544599999999999966e-02
1.415699999999999945e-02
1.268200000000000056e-02
1.262300000000000054e-02
1.248299999999999930e-02
1.087399999999999999e-02
9.190999999999999517e-03
7.900000000000000772e-03
7.752000000000000210e-03
7.976000000000000451e-03
7.969999999999999654e-03
7.915000000000000160e-03
7.917000000000000426e-03
7.922999999999999488e-03
7.912000000000000630e-03
7.903999999999999568e-03
7.900000000000000772e-03
7.920999999999999222e-03
7.983999999999999778e-03
7.924999999999999753e-03
6.722999999999999809e-03
5.143000000000000002e-03
3.582999999999999814e-03
2.873999999999999819e-03
3.018999999999999982e-03
2.988999999999999903e-03
1.685000000000000083e-03
1.110000000000000011e-04
-1.319999999999999993e-03
-1.981000000000000122e-03
-1.033000000000000064e-03
6.849999999999999535e-04
2.141000000000000108e-03
3.181999999999999933e-03
3.308999999999999875e-03
3.194999999999999923e-03
3.201999999999999985e-03
3.131000000000000102e-03
1.923999999999999929e-03
3.040000000000000167e-04
-7.579999999999999932e-04
5.199999999999999680e-05
1.043000000000000090e-03
1.938999999999999968e-03
3.204999999999999950e-03
3.540000000000000178e-03
3.384999999999999988e-03
3.348999999999999980e-03
2.616999999999999969e-03
9.370000000000000074e-04
-5.879999999999999810e-04
-1.572999999999999962e-03
-2.011999999999999900e-03
-4.001000000000000216e-03
-6.385000000000000051e-03
-6.819999999999999674e-03
-6.472000000000000322e-03
-6.461999999999999862e-03
-6.548000000000000001e-03
-6.536000000000000143e-03
-6.518000000000000356e-03
-6.524000000000000285e-03
-6.650999999999999794e-03
-7.865999999999999728e-03
-9.008000000000000382e-03
-8.980999999999999400e-03
-8.089000000000000704e-03
-6.387000000000000316e-03
-3.713000000000000154e-03
-1.211999999999999970e-03
-5.990000000000000316e-04
1.164000000000000104e-03
3.631000000000000113e-03
4.150000000000000043e-03
3.655999999999999962e-03
2.154000000000000099e-03
-3.970000000000000005e-04
-2.026000000000000023e-03
-3.361999999999999971e-03
-3.797000000000000028e-03
-3.396999999999999846e-03
-2.033999999999999784e-03
-8.840000000000000201e-04
-8.360000000000000460e-04
-1.066000000000000107e-03
-2.984000000000000107e-03
-5.818000000000000255e-03
-6.210000000000000242e-03
-6.106000000000000316e-03
-7.676999999999999796e-03
-8.574000000000000024e-03
-7.374000000000000346e-03
-5.571999999999999696e-03
-3.742999999999999799e-03
-1.227999999999999925e-03
4.159999999999999744e-04
2.471000000000000106e-03
4.538000000000000367e-03
4.656999999999999681e-03
2.798000000000000140e-03
2.709999999999999735e-04
-5.770000000000000389e-04
-2.550000000000000183e-04
-1.420000000000000092e-04
-2.030000000000000012e-04
-1.330000000000000073e-04
-1.900000000000000105e-05
6.059999999999999849e-04
2.886999999999999809e-03
5.096999999999999968e-03
5.144000000000000135e-03
3.520999999999999824e-03
2.063000000000000164e-03
6.449999999999999570e-04
-4.600000000000000004e-05
-7.860000000000000233e-04
-2.190000000000000106e-03
-3.772000000000000179e-03
-4.673000000000000070e-03
-4.557000000000000287e-03
-3.580999999999999982e-03
-1.036999999999999944e-03
8.750000000000000182e-04
9.139999999999999904e-04
6.589999999999999721e-04
7.119999999999999593e-04
0.000000000000000000e+00
-1.258999999999999920e-03
-3.080000000000000055e-04
1.204999999999999908e-03
1.278000000000000056e-03
1.034999999999999896e-03
1.093999999999999920e-03
1.167000000000000069e-03
1.165999999999999936e-03
1.191000000000000001e-03
2.219000000000000052e-03
5.296000000000000360e-03
6.573999999999999982e-03
6.113999999999999643e-03
5.924999999999999711e-03
6.028999999999999637e-03
6.035999999999999699e-03
5.990999999999999798e-03
5.114999999999999755e-03
3.952999999999999917e-03
4.963000000000000397e-03
6.229000000000000162e-03
6.206999999999999844e-03
5.969000000000000347e-03
5.967000000000000082e-03
5.956999999999999622e-03
5.886999999999999872e-03
5.441999999999999789e-03
4.053000000000000179e-03
2.660000000000000038e-03
1.463000000000000108e-03
1.404000000000000083e-03
3.112999999999999882e-03
5.403999999999999949e-03
6.015000000000000381e-03
5.655999999999999570e-03
5.686000000000000082e-03
6.885999999999999760e-03
7.865999999999999728e-03
7.291999999999999871e-03
5.651999999999999906e-03
4.957999999999999734e-03
4.198000000000000342e-03
2.905000000000000030e-03
1.508000000000000009e-03
2.739999999999999923e-04
-9.330000000000000186e-04
-1.281000000000000021e-03
-1.128000000000000096e-03
-1.095000000000000053e-03
-1.123999999999999999e-03
-1.265999999999999981e-03
-1.889999999999999970e-03
-2.677000000000000126e-03
-3.030999999999999840e-03
-3.269999999999999903e-03
-4.414999999999999654e-03
-4.977999999999999786e-03
-4.671999999999999938e-03
-4.488999999999999935e-03
-4.224000000000000324e-03
-3.406000000000000173e-03
-4.414000000000000389e-03
-6.180999999999999862e-03
-6.485000000000000313e-03
-7.228000000000000050e-03
-9.058999999999999345e-03
-1.008900000000000075e-02
-1.012099999999999979e-02
-9.062999999999999876e-03
-8.382999999999999827e-03
-7.376999999999999877e-03
-6.122999999999999970e-03
-4.886999999999999851e-03
-4.366000000000000089e-03
-3.562000000000000062e-03
-2.573999999999999899e-03
-2.402000000000000055e-03
-2.441000000000000027e-03
-2.317000000000000049e-03
-2.102000000000000136e-03
-1.242000000000000048e-03
-3.649999999999999816e-04
-2.149999999999999947e-04
2.100000000000000087e-04
1.219999999999999947e-03
1.492000000000000054e-03
1.521999999999999915e-03
2.152999999999999966e-03
1.404000000000000083e-03
-1.669999999999999935e-04
-4.429999999999999802e-04
-2.519999999999999996e-04
-8.360000000000000460e-04
-6.149999999999999868e-04
2.799999999999999958e-05
1.039999999999999936e-04
3.800000000000000209e-05
7.200000000000000182e-05
3.669999999999999760e-04
1.610000000000000103e-03
2.929999999999999879e-03
3.726000000000000145e-03
4.923000000000000292e-03
5.597999999999999678e-03
5.395999999999999755e-03
5.147999999999999798e-03
4.537000000000000234e-03
3.044999999999999964e-03
1.928999999999999942e-03
1.191000000000000001e-03
4.550000000000000008e-04
-3.669999999999999760e-04
-6.809999999999999647e-04
-1.142000000000000003e-03
-1.851999999999999914e-03
-2.599000000000000182e-03
-2.850999999999999802e-03
-2.262000000000000122e-03
-1.436999999999999909e-03
-1.165999999999999936e-03
-5.869999999999999567e-04
-8.700000000000000051e-05
-8.299999999999999815e-05
-1.540000000000000028e-04
-1.430000000000000064e-04
-1.340000000000000045e-04
-1.369999999999999961e-04
-1.169999999999999979e-04
-8.899999999999999491e-05
2.599999999999999772e-04
3.069999999999999812e-04
-9.699999999999999963e-05
-1.959999999999999937e-04
-4.169999999999999987e-04
-9.820000000000000170e-04
-1.100000000000000066e-03
-9.690000000000000262e-04
-9.300000000000000541e-04
-1.142999999999999919e-03
-1.639000000000000049e-03
-1.748999999999999904e-03
-1.565999999999999901e-03
-1.557000000000000007e-03
-1.830999999999999945e-03
-1.755000000000000050e-03
-1.618000000000000081e-03
-1.601999999999999908e-03
-1.876999999999999979e-03
-2.226999999999999813e-03
-2.295000000000000165e-03
-2.121000000000000055e-03
-1.968000000000000131e-03
-1.856000000000000011e-03
-1.637999999999999916e-03
-1.142999999999999919e-03
-8.549999999999999658e-04
-8.390000000000000105e-04
-1.026000000000000002e-03
-1.180999999999999975e-03
-1.177000000000000095e-03
-1.343000000000000010e-03
-1.371000000000000040e-03
-1.178000000000000011e-03
-7.810000000000000102e-04
-3.879999999999999985e-04
-3.199999999999999855e-05
2.790000000000000054e-04
5.879999999999999810e-04
8.580000000000000387e-04
1.038999999999999993e-03
1.041999999999999958e-03
1.010999999999999963e-03
1.007000000000000083e-03
1.005000000000000034e-03
1.030000000000000100e-03
1.206999999999999957e-03
1.311000000000000099e-03
1.266999999999999897e-03
1.322000000000000041e-03
1.441999999999999922e-03
1.415000000000000025e-03
1.332999999999999984e-03
1.278999999999999972e-03
1.232000000000000022e-03
1.180000000000000059e-03
1.108999999999999960e-03
9.560000000000000355e-04
8.480000000000000124e-04
8.220000000000000310e-04
7.439999999999999782e-04
6.999999999999999929e-04
7.600000000000000418e-04
8.400000000000000348e-04
8.850000000000000444e-04
9.190000000000000035e-04
9.430000000000000448e-04
9.510000000000000224e-04
9.359999999999999831e-04
8.319999999999999488e-04
7.269999999999999987e-04
6.350000000000000392e-04
5.299999999999999807e-04
4.310000000000000137e-04
3.710000000000000190e-04
3.229999999999999907e-04
2.570000000000000127e-04
2.259999999999999910e-04
2.139999999999999975e-04
1.849999999999999973e-04
1.340000000000000045e-04
1.110000000000000011e-04
1.069999999999999988e-04
7.799999999999999859e-05
4.600000000000000004e-05
2.199999999999999943e-05
3.100000000000000135e-05
5.399999999999999798e-05
5.599999999999999916e-05
5.399999999999999798e-05
6.600000000000000506e-05
6.799999999999999946e-05
5.800000000000000034e-05
4.000000000000000327e-05
2.900000000000000017e-05
2.599999999999999840e-05
2.300000000000000002e-05
1.900000000000000105e-05
1.000000000000000082e-05
3.000000000000000076e-06
1.999999999999999909e-06
9.999999999999999547e-07
-0.000000000000000000e+00
-1.999999999999999909e-06
-3.999999999999999819e-06
-6.000000000000000152e-06
-9.000000000000000228e-06
-1.000000000000000082e-05
-1.200000000000000030e-05
-1.399999999999999979e-05
-1.500000000000000038e-05
-1.599999999999999928e-05
-1.800000000000000046e-05
-2.000000000000000164e-05
-2.199999999999999943e-05
-2.599999999999999840e-05
-2.799999999999999958e-05
-3.000000000000000076e-05
-3.199999999999999855e-05
-3.399999999999999973e-05
-3.499999999999999693e-05
-3.699999999999999811e-05
-3.800000000000000209e-05
-3.800000000000000209e-05
-3.800000000000000209e-05
-3.800000000000000209e-05
-3.800000000000000209e-05
-3.699999999999999811e-05
-3.600000000000000091e-05
-3.499999999999999693e-05
-3.399999999999999973e-05
-3.300000000000000253e-05
-3.100000000000000135e-05
-3.000000000000000076e-05
-2.799999999999999958e-05
