-5.099999999999999960e-05
-5.300000000000000078e-05
-5.199999999999999680e-05
-5.500000000000000196e-05
-6.499999999999999431e-05
-7.399999999999999623e-05
-7.700000000000000139e-05
-6.999999999999999387e-05
-5.199999999999999680e-05
-3.000000000000000076e-05
-3.000000000000000076e-05
-6.000000000000000152e-05
-1.010000000000000020e-04
-1.240000000000000054e-04
-9.100000000000000287e-05
-5.000000000000000240e-05
-4.699999999999999724e-05
-5.000000000000000240e-05
-4.399999999999999886e-05
-6.200000000000000270e-05
-1.479999999999999925e-04
-2.709999999999999735e-04
-4.020000000000000136e-04
-4.889999999999999599e-04
-4.870000000000000197e-04
-3.400000000000000244e-04
-1.060000000000000016e-04
3.399999999999999973e-05
4.300000000000000165e-05
4.600000000000000004e-05
1.559999999999999972e-04
2.640000000000000202e-04
1.659999999999999963e-04
-7.999999999999999638e-06
-2.759999999999999867e-04
-3.420000000000000188e-04
-5.700000000000000314e-05
3.179999999999999776e-04
5.209999999999999788e-04
5.029999999999999749e-04
3.260000000000000094e-04
2.249999999999999938e-04
2.730000000000000222e-04
3.170000000000000075e-04
3.319999999999999926e-04
2.020000000000000040e-04
-2.199999999999999943e-05
-4.399999999999999886e-05
9.000000000000000228e-06
1.000000000000000082e-05
-6.000000000000000152e-05
-4.620000000000000083e-04
-1.088999999999999907e-03
-1.347000000000000107e-03
-1.072000000000000036e-03
-9.820000000000000170e-04
-1.347000000000000107e-03
-1.642999999999999929e-03
-1.173999999999999913e-03
-6.200000000000000270e-05
1.080000000000000014e-03
1.910000000000000022e-03
2.402000000000000055e-03
2.531999999999999963e-03
2.570999999999999935e-03
2.590999999999999987e-03
2.135000000000000179e-03
1.250000000000000026e-03
5.550000000000000462e-04
4.530000000000000064e-04
5.779999999999999548e-04
6.109999999999999980e-04
5.820000000000000520e-04
-7.999999999999999638e-06
-1.944999999999999897e-03
-3.301999999999999814e-03
-3.036000000000000070e-03
-2.011999999999999900e-03
-1.150999999999999896e-03
-6.660000000000000338e-04
-1.340000000000000045e-04
-3.699999999999999811e-05
-6.809999999999999647e-04
-1.351999999999999903e-03
-1.765000000000000076e-03
-1.110000000000000092e-03
3.660000000000000059e-04
1.825000000000000016e-03
2.651000000000000145e-03
2.549000000000000050e-03
1.191999999999999917e-03
1.299999999999999886e-04
2.169999999999999891e-04
1.019999999999999992e-04
-1.079000000000000098e-03
-1.760000000000000063e-03
-1.010000000000000047e-03
3.499999999999999693e-05
1.378000000000000102e-03
1.770000000000000089e-03
-1.959999999999999937e-04
-2.488999999999999893e-03
-4.009000000000000410e-03
-4.486000000000000404e-03
-2.837999999999999811e-03
-9.799999999999999684e-05
1.984999999999999785e-03
2.841999999999999908e-03
3.704999999999999960e-03
4.674000000000000203e-03
4.798000000000000181e-03
2.650000000000000012e-03
3.890000000000000228e-04
-4.459999999999999989e-04
-1.910000000000000077e-04
6.419999999999999925e-04
4.449999999999999746e-04
-5.450000000000000200e-04
-1.938000000000000052e-03
-3.324000000000000132e-03
-3.557999999999999965e-03
-2.485999999999999929e-03
-5.190000000000000386e-04
1.549999999999999946e-03
3.514000000000000196e-03
5.144000000000000135e-03
4.749999999999999882e-03
1.301999999999999989e-03
-1.644000000000000062e-03
-2.541999999999999989e-03
-3.069999999999999812e-03
-3.157000000000000084e-03
-3.030000000000000141e-03
-3.004000000000000160e-03
-2.991000000000000169e-03
-2.880999999999999880e-03
-1.959999999999999937e-03
-7.699999999999999597e-04
6.539999999999999590e-04
2.454000000000000018e-03
3.079999999999999839e-03
2.883000000000000146e-03
2.771000000000000026e-03
2.098000000000000038e-03
2.420999999999999975e-03
4.421999999999999716e-03
5.282000000000000237e-03
4.408999999999999725e-03
1.645999999999999894e-03
-2.442999999999999859e-03
-5.379000000000000101e-03
-5.113000000000000357e-03
-3.942000000000000191e-03
-3.406000000000000173e-03
-2.422000000000000108e-03
-1.884000000000000041e-03
-2.013000000000000032e-03
-3.014999999999999885e-03
-3.615000000000000158e-03
-2.053000000000000137e-03
7.910000000000000364e-04
3.863000000000000114e-03
5.793999999999999671e-03
4.938999999999999814e-03
2.733999999999999885e-03
2.191999999999999938e-03
4.053000000000000179e-03
6.041999999999999628e-03
6.274000000000000063e-03
5.101999999999999764e-03
3.119999999999999944e-03
1.026999999999999918e-03
-1.051000000000000068e-03
-2.762999999999999831e-03
-3.154999999999999818e-03
-2.958999999999999825e-03
-3.601000000000000034e-03
-3.861999999999999982e-03
-3.994000000000000154e-03
-4.533999999999999836e-03
-4.519999999999999712e-03
-2.729000000000000089e-03
1.240999999999999916e-03
3.735000000000000039e-03
4.653000000000000018e-03
4.624999999999999771e-03
2.884999999999999978e-03
4.290000000000000193e-04
-2.645000000000000216e-03
-5.748999999999999770e-03
-7.185000000000000414e-03
-5.717999999999999992e-03
-2.361999999999999950e-03
1.918999999999999916e-03
4.118000000000000133e-03
3.900999999999999954e-03
3.206000000000000082e-03
2.200000000000000133e-03
1.851999999999999914e-03
1.910000000000000022e-03
9.770000000000000039e-04
-1.900000000000000105e-04
-1.221000000000000080e-03
-1.495999999999999934e-03
-6.589999999999999721e-04
-5.249999999999999676e-04
-1.572999999999999962e-03
-3.281000000000000062e-03
-5.396999999999999888e-03
-6.817000000000000143e-03
-6.694000000000000297e-03
-5.427999999999999665e-03
-4.060000000000000241e-03
-1.569999999999999998e-03
1.564000000000000069e-03
2.298000000000000129e-03
1.160999999999999923e-03
1.198000000000000063e-03
3.360999999999999838e-03
6.610000000000000424e-03
7.350999999999999895e-03
5.067000000000000323e-03
2.294000000000000032e-03
-7.299999999999999903e-05
-6.780000000000000002e-04
-9.779999999999999197e-04
-1.237000000000000035e-03
-1.320000000000000101e-04
2.315999999999999916e-03
5.001000000000000237e-03
5.049999999999999802e-03
1.162999999999999971e-03
-4.317999999999999790e-03
-7.594000000000000056e-03
-8.633999999999999314e-03
-7.768999999999999864e-03
-7.165000000000000362e-03
-7.274000000000000084e-03
-7.087999999999999683e-03
-5.582000000000000156e-03
-3.213999999999999843e-03
-1.461000000000000059e-03
-3.989999999999999949e-04
6.499999999999999702e-04
2.201999999999999964e-03
4.455999999999999892e-03
6.791000000000000161e-03
8.165999999999999648e-03
8.264999999999999777e-03
8.158000000000000321e-03
8.678999999999999215e-03
9.877999999999999628e-03
9.473000000000000517e-03
6.864000000000000309e-03
2.370000000000000145e-03
-9.650000000000000374e-04
-1.758999999999999930e-03
-2.438000000000000063e-03
-2.773999999999999990e-03
-2.907999999999999995e-03
-3.930999999999999599e-03
-5.065000000000000058e-03
-6.111000000000000112e-03
-6.471000000000000189e-03
-7.242000000000000173e-03
-8.059999999999999457e-03
-7.538000000000000429e-03
-5.516000000000000070e-03
-3.220000000000000206e-03
-2.073999999999999889e-03
-1.556000000000000091e-03
1.427000000000000100e-03
6.026000000000000106e-03
9.695000000000000492e-03
1.124900000000000032e-02
1.091199999999999982e-02
9.650999999999999857e-03
9.072999999999999468e-03
7.830000000000000154e-03
4.869000000000000064e-03
3.216000000000000109e-03
2.750999999999999973e-03
2.936999999999999941e-03
1.881000000000000076e-03
-4.850000000000000253e-04
-2.805000000000000202e-03
-4.688999999999999592e-03
-5.475999999999999965e-03
-5.693000000000000144e-03
-6.760000000000000384e-03
-7.093999999999999612e-03
-3.989000000000000358e-03
2.530000000000000131e-03
8.219999999999999876e-03
1.095699999999999973e-02
9.093000000000000388e-03
4.634000000000000098e-03
1.237999999999999951e-03
4.580000000000000195e-04
7.870000000000000476e-04
1.232000000000000022e-03
2.884999999999999978e-03
4.445000000000000166e-03
2.929999999999999879e-03
5.209999999999999788e-04
-1.007999999999999998e-03
-2.482999999999999964e-03
-3.559000000000000098e-03
-5.198000000000000363e-03
-6.638999999999999936e-03
-7.473999999999999741e-03
-6.977999999999999828e-03
-5.313000000000000014e-03
-1.758000000000000014e-03
1.304999999999999953e-03
1.587000000000000086e-03
1.165999999999999936e-03
5.450000000000000200e-04
-2.572000000000000067e-03
-6.087000000000000396e-03
-7.330999999999999843e-03
-7.825000000000000358e-03
-7.798000000000000244e-03
-6.295000000000000248e-03
-3.340000000000000087e-03
7.780000000000000457e-04
2.651000000000000145e-03
6.049999999999999606e-04
-1.830999999999999945e-03
-1.988000000000000184e-03
3.999999999999999819e-06
1.672000000000000092e-03
9.030000000000000483e-04
-1.064000000000000059e-03
-7.299999999999999632e-04
1.420999999999999954e-03
2.162999999999999992e-03
1.835000000000000043e-03
9.959999999999999236e-04
-1.379999999999999933e-04
-1.304999999999999953e-03
-1.938000000000000052e-03
-1.822000000000000052e-03
-1.745000000000000023e-03
-1.670000000000000043e-03
-5.540000000000000219e-04
1.459999999999999926e-03
2.301000000000000094e-03
1.198000000000000063e-03
-1.201000000000000028e-03
-1.918999999999999916e-03
-1.533999999999999990e-03
-1.464999999999999939e-03
-1.195000000000000099e-03
4.569999999999999952e-04
2.194000000000000204e-03
2.452000000000000186e-03
2.229000000000000078e-03
2.268000000000000051e-03
2.337999999999999801e-03
2.327000000000000075e-03
2.345999999999999995e-03
2.413999999999999913e-03
2.443999999999999992e-03
2.409999999999999816e-03
2.458999999999999814e-03
2.478999999999999867e-03
1.856000000000000011e-03
-6.000000000000000152e-05
-2.243999999999999901e-03
-2.985999999999999939e-03
-1.425999999999999967e-03
1.030000000000000100e-03
2.622000000000000199e-03
1.994999999999999812e-03
-1.410000000000000120e-04
-1.219999999999999947e-03
-1.031999999999999931e-03
-8.880000000000000089e-04
-9.300000000000000541e-04
-8.899999999999999491e-04
-1.105999999999999995e-03
-3.121000000000000076e-03
-4.826000000000000428e-03
-4.699000000000000052e-03
-3.742999999999999799e-03
-1.874000000000000015e-03
4.979999999999999618e-04
2.641999999999999817e-03
3.367999999999999900e-03
3.176000000000000004e-03
3.095000000000000095e-03
2.393999999999999861e-03
1.342000000000000094e-03
1.258999999999999920e-03
1.453999999999999997e-03
1.951999999999999959e-03
2.497999999999999787e-03
9.840000000000000656e-04
-8.400000000000000348e-04
-2.879000000000000049e-03
-4.202000000000000006e-03
-4.100000000000000346e-03
-3.863000000000000114e-03
-3.917999999999999608e-03
-3.933999999999999997e-03
-3.863999999999999813e-03
-3.772000000000000179e-03
-3.759000000000000188e-03
-3.772000000000000179e-03
-3.611000000000000060e-03
-2.619999999999999933e-03
-1.364999999999999894e-03
-5.659999999999999884e-04
-1.240999999999999916e-03
-1.938999999999999968e-03
-3.493000000000000011e-03
-4.975000000000000255e-03
-2.324999999999999810e-03
2.494000000000000123e-03
6.165999999999999606e-03
8.706000000000000197e-03
9.690000000000000696e-03
7.739000000000000219e-03
5.904999999999999659e-03
5.996999999999999727e-03
5.690999999999999878e-03
3.781000000000000073e-03
2.276999999999999944e-03
1.358000000000000049e-03
1.077999999999999965e-03
2.253999999999999927e-03
2.916999999999999888e-03
1.912999999999999987e-03
-4.070000000000000267e-04
-3.377999999999999926e-03
-4.838000000000000286e-03
-4.606999999999999984e-03
-4.368000000000000355e-03
-3.557999999999999965e-03
-1.575000000000000011e-03
-4.060000000000000024e-04
-4.510000000000000120e-04
-5.000000000000000240e-05
1.861999999999999940e-03
3.546000000000000107e-03
4.617999999999999709e-03
5.634000000000000119e-03
7.542000000000000093e-03
1.071300000000000030e-02
1.223600000000000035e-02
1.028699999999999927e-02
7.609999999999999577e-03
6.211999999999999640e-03
6.918999999999999803e-03
7.014000000000000269e-03
5.002000000000000370e-03
1.721000000000000090e-03
-1.379999999999999933e-03
-3.582000000000000114e-03
-5.943999999999999631e-03
-9.180000000000000659e-03
-1.168199999999999968e-02
-1.164500000000000084e-02
-9.523999999999999480e-03
-8.118999999999999481e-03
-6.669999999999999714e-03
-4.374000000000000284e-03
-1.990000000000000015e-03
2.400000000000000061e-04
2.524000000000000202e-03
4.047000000000000250e-03
3.366000000000000068e-03
2.700000000000000143e-03
2.893999999999999871e-03
3.065000000000000016e-03
3.043999999999999831e-03
2.697999999999999877e-03
1.090000000000000040e-03
1.930000000000000021e-04
1.054000000000000032e-03
3.229999999999999907e-04
-1.776000000000000018e-03
-2.394999999999999993e-03
-1.306000000000000086e-03
7.380000000000000492e-04
1.968999999999999830e-03
1.384999999999999946e-03
-1.471000000000000085e-03
-4.284999999999999747e-03
-4.817000000000000101e-03
-3.640000000000000006e-03
-3.076000000000000175e-03
-1.789000000000000009e-03
1.379999999999999933e-04
7.010000000000000172e-04
3.060000000000000111e-04
-1.592000000000000099e-03
-3.282000000000000195e-03
-2.742000000000000080e-03
-6.499999999999999702e-04
9.779999999999999197e-04
2.184000000000000177e-03
4.037999999999999923e-03
4.955000000000000203e-03
4.304999999999999799e-03
2.305999999999999890e-03
-6.960000000000000041e-04
-2.687000000000000152e-03
-2.667999999999999799e-03
-1.838999999999999923e-03
-6.600000000000000506e-05
1.389000000000000044e-03
5.289999999999999564e-04
-1.554000000000000043e-03
-2.681999999999999922e-03
-4.036999999999999790e-03
-4.773000000000000333e-03
-3.020999999999999814e-03
-1.505000000000000044e-03
-1.229999999999999974e-03
2.390000000000000089e-04
2.115000000000000126e-03
1.533999999999999990e-03
-1.886000000000000090e-03
-5.950999999999999693e-03
-7.706000000000000176e-03
-7.860000000000000667e-03
-7.020000000000000198e-03
-7.394999999999999664e-03
-8.465999999999999567e-03
-8.526000000000000592e-03
-7.816000000000000031e-03
-5.936000000000000304e-03
-3.426999999999999925e-03
-1.252000000000000075e-03
-3.579999999999999741e-04
-7.879999999999999635e-04
-2.487000000000000061e-03
-3.302999999999999946e-03
-1.208000000000000089e-03
2.204999999999999929e-03
5.421999999999999736e-03
7.374999999999999611e-03
7.693000000000000185e-03
7.461999999999999883e-03
6.330999999999999822e-03
3.442999999999999880e-03
1.825999999999999932e-03
2.150000000000000001e-03
2.577999999999999996e-03
4.017999999999999870e-03
7.203000000000000201e-03
9.830000000000000196e-03
1.030700000000000019e-02
8.734999999999999709e-03
4.902000000000000107e-03
1.329000000000000103e-03
-2.130000000000000003e-04
5.270000000000000162e-04
1.904000000000000093e-03
3.046000000000000096e-03
3.158000000000000217e-03
1.895999999999999899e-03
4.600000000000000004e-05
-5.289999999999999564e-04
3.789999999999999966e-04
1.657000000000000053e-03
1.735999999999999913e-03
4.800000000000000122e-05
-3.312999999999999973e-03
-6.117000000000000041e-03
-7.244999999999999704e-03
-6.008999999999999585e-03
-1.698000000000000074e-03
3.628000000000000148e-03
6.753999999999999587e-03
8.510999999999999469e-03
8.821000000000000715e-03
5.910000000000000323e-03
1.446000000000000020e-03
-1.123999999999999999e-03
-7.269999999999999987e-04
1.379999999999999933e-03
2.085000000000000048e-03
7.969999999999999654e-04
-2.128000000000000117e-03
-6.570999999999999584e-03
-1.039699999999999999e-02
-1.190899999999999945e-02
-1.190899999999999945e-02
-1.285000000000000031e-02
-1.451000000000000033e-02
-1.363499999999999955e-02
-1.042799999999999977e-02
-6.203000000000000180e-03
-2.550000000000000183e-03
1.620000000000000075e-04
3.812999999999999983e-03
7.800999999999999775e-03
8.966999999999999277e-03
7.047000000000000312e-03
5.316000000000000413e-03
3.357999999999999874e-03
3.204999999999999950e-03
7.881000000000000852e-03
1.379700000000000024e-02
1.798999999999999905e-02
1.962699999999999861e-02
1.917800000000000060e-02
1.599799999999999833e-02
8.181000000000000771e-03
-2.235000000000000007e-03
-1.153599999999999938e-02
-1.589300000000000088e-02
-1.692600000000000007e-02
-1.574000000000000052e-02
-1.268099999999999956e-02
-8.170000000000000179e-03
-3.930000000000000333e-03
-7.820000000000000345e-04
1.240999999999999916e-03
1.737999999999999962e-03
1.634999999999999952e-03
1.742000000000000059e-03
2.971999999999999816e-03
5.009000000000000431e-03
5.828999999999999980e-03
5.675999999999999622e-03
5.684999999999999949e-03
5.786000000000000344e-03
5.821999999999999918e-03
5.191000000000000301e-03
2.974000000000000081e-03
1.962000000000000202e-03
2.315999999999999916e-03
2.354000000000000190e-03
1.010000000000000047e-03
-1.649999999999999991e-03
-4.589000000000000197e-03
-6.615000000000000220e-03
-8.309999999999999679e-03
-7.498999999999999590e-03
-4.897999999999999576e-03
-1.949999999999999910e-03
1.951999999999999959e-03
4.804000000000000110e-03
4.164000000000000166e-03
2.683000000000000055e-03
1.281999999999999936e-03
-3.029999999999999924e-04
-7.299999999999999632e-04
-4.310000000000000137e-04
-1.700000000000000122e-04
1.159000000000000091e-03
3.150000000000000022e-03
2.661999999999999870e-03
-1.420000000000000038e-03
-6.941000000000000121e-03
-1.109199999999999943e-02
-1.286799999999999923e-02
-1.356399999999999967e-02
-1.452999999999999951e-02
-1.408300000000000003e-02
-1.177800000000000027e-02
-9.336999999999999814e-03
-7.159000000000000433e-03
-4.924999999999999691e-03
-1.910000000000000022e-03
2.305999999999999890e-03
5.832999999999999644e-03
7.738000000000000086e-03
8.274000000000000105e-03
8.193999999999999895e-03
8.194999999999999160e-03
8.448999999999999913e-03
9.546000000000000665e-03
9.752999999999999517e-03
6.958999999999999908e-03
3.921000000000000006e-03
1.984000000000000086e-03
1.062000000000000010e-03
1.111000000000000008e-03
6.229999999999999644e-04
-2.154000000000000099e-03
-5.092000000000000172e-03
-6.218999999999999702e-03
-6.046000000000000159e-03
-5.916000000000000252e-03
-5.564999999999999634e-03
-3.825999999999999974e-03
-2.049000000000000040e-03
-8.670000000000000406e-04
1.105000000000000079e-03
3.506000000000000002e-03
5.429999999999999931e-03
6.458000000000000199e-03
7.426999999999999574e-03
7.734999999999999688e-03
7.265999999999999889e-03
5.150000000000000064e-03
2.903999999999999897e-03
1.959999999999999937e-04
-2.432999999999999833e-03
-4.398000000000000000e-03
-5.276000000000000308e-03
-5.133999999999999675e-03
-4.954000000000000070e-03
-4.905999999999999771e-03
-4.104000000000000009e-03
-2.033999999999999784e-03
1.869999999999999917e-04
4.220000000000000118e-04
-2.481999999999999831e-03
-5.453999999999999647e-03
-5.714000000000000329e-03
-3.433999999999999986e-03
-1.154999999999999994e-03
-4.780000000000000178e-04
-1.039999999999999936e-04
2.772999999999999857e-03
8.061999999999999722e-03
1.082400000000000029e-02
7.983999999999999778e-03
3.348999999999999980e-03
1.910000000000000022e-03
3.989999999999999623e-03
5.612999999999999934e-03
5.141999999999999869e-03
2.586999999999999890e-03
-2.939999999999999905e-04
-2.432000000000000134e-03
-4.392000000000000071e-03
-5.645999999999999977e-03
-5.342999999999999659e-03
-2.583999999999999925e-03
1.373000000000000088e-03
2.664000000000000135e-03
2.174000000000000151e-03
1.320999999999999909e-03
5.990000000000000316e-04
1.554000000000000043e-03
2.573000000000000200e-03
2.075000000000000022e-03
-4.920000000000000328e-04
-3.945999999999999855e-03
-7.023999999999999862e-03
-8.692999999999999339e-03
-7.929999999999999549e-03
-4.349999999999999700e-03
-9.340000000000000429e-04
-5.720000000000000258e-04
-2.866000000000000058e-03
-5.630999999999999721e-03
-5.394000000000000357e-03
-2.782000000000000185e-03
2.654000000000000109e-03
7.913999999999999160e-03
9.247000000000000011e-03
7.642999999999999620e-03
5.128999999999999879e-03
1.869000000000000002e-03
-8.350000000000000217e-04
-2.792999999999999910e-03
-4.728999999999999697e-03
-5.775999999999999884e-03
-5.689999999999999745e-03
-5.061000000000000394e-03
-2.700000000000000143e-03
1.577999999999999976e-03
5.250000000000000326e-03
7.275000000000000216e-03
7.971000000000000654e-03
7.058000000000000038e-03
3.644999999999999803e-03
-7.169999999999999724e-04
-3.177999999999999835e-03
-2.059000000000000066e-03
5.800000000000000034e-04
1.730999999999999900e-03
-1.765000000000000076e-03
-7.590000000000000392e-03
-1.047499999999999994e-02
-9.350000000000000672e-03
-7.712000000000000105e-03
-5.645999999999999977e-03
-1.941999999999999933e-03
2.776999999999999955e-03
7.042999999999999781e-03
1.011699999999999926e-02
1.123299999999999993e-02
1.104300000000000073e-02
1.044800000000000069e-02
8.694999999999999604e-03
6.394000000000000378e-03
4.678999999999999999e-03
5.274000000000000042e-03
7.781999999999999855e-03
9.693999999999999492e-03
1.045500000000000075e-02
9.625999999999999140e-03
6.832999999999999664e-03
4.126999999999999592e-03
4.380000000000000213e-04
-4.987000000000000113e-03
-9.834000000000000727e-03
-1.236899999999999979e-02
-1.225000000000000047e-02
-1.018999999999999941e-02
-4.438000000000000105e-03
2.650000000000000012e-03
6.140999999999999757e-03
6.694000000000000297e-03
4.611999999999999780e-03
3.820000000000000153e-04
-3.474000000000000091e-03
-4.477000000000000077e-03
-3.954000000000000049e-03
-2.956999999999999993e-03
-8.850000000000000444e-04
1.139000000000000038e-03
1.789999999999999870e-04
-3.837999999999999832e-03
-8.279999999999999166e-03
-1.021200000000000059e-02
-8.170000000000000179e-03
-4.680000000000000132e-03
-1.484999999999999992e-03
9.309999999999999699e-04
2.436999999999999930e-03
2.726000000000000124e-03
2.658000000000000206e-03
2.220000000000000185e-03
8.600000000000000331e-05
-1.644999999999999978e-03
-2.468999999999999841e-03
-1.753999999999999917e-03
3.739999999999999835e-04
1.284999999999999901e-03
3.800000000000000209e-05
-1.159000000000000091e-03
-1.936999999999999920e-03
-1.309000000000000051e-03
-1.499999999999999869e-04
-2.159999999999999919e-04
-1.796999999999999986e-03
-3.559000000000000098e-03
-3.814999999999999815e-03
-3.513000000000000064e-03
-3.458000000000000136e-03
-3.445999999999999844e-03
-3.322999999999999999e-03
-3.213999999999999843e-03
-2.377000000000000206e-03
-1.740000000000000010e-04
2.085000000000000048e-03
2.847999999999999837e-03
2.654000000000000109e-03
1.466000000000000072e-03
-5.659999999999999884e-04
-1.730000000000000038e-04
1.235999999999999903e-03
1.412000000000000061e-03
1.268000000000000030e-03
1.315999999999999896e-03
5.540000000000000219e-04
-1.659000000000000101e-03
-5.002999999999999635e-03
-7.813999999999999765e-03
-6.612999999999999955e-03
3.530000000000000152e-03
1.459000000000000054e-02
1.930700000000000124e-02
1.667400000000000132e-02
1.142499999999999939e-02
8.175999999999999240e-03
6.185000000000000393e-03
5.568000000000000033e-03
3.893999999999999892e-03
1.972999999999999927e-03
5.019999999999999506e-04
-8.809999999999999472e-04
-1.288999999999999998e-03
-1.941999999999999933e-03
-3.004999999999999859e-03
-4.135999999999999920e-03
-4.124000000000000062e-03
-2.733000000000000186e-03
-1.435999999999999993e-03
-5.159999999999999656e-04
-3.860000000000000041e-04
-4.629999999999999784e-04
-3.469999999999999777e-04
-3.579999999999999741e-04
-2.047999999999999907e-03
-5.396999999999999888e-03
-9.074000000000000468e-03
-1.314000000000000064e-02
-1.748800000000000007e-02
-2.026100000000000123e-02
-1.855300000000000005e-02
-1.389800000000000063e-02
-9.872999999999999832e-03
-3.841999999999999929e-03
3.566000000000000159e-03
8.569999999999999493e-03
1.145900000000000044e-02
1.335399999999999955e-02
1.403700000000000087e-02
1.344899999999999915e-02
1.160899999999999953e-02
1.003300000000000025e-02
7.559999999999999880e-03
2.054999999999999969e-03
-4.296000000000000339e-03
-8.106000000000000358e-03
-9.069999999999999937e-03
-9.676000000000000573e-03
-9.858000000000000443e-03
-9.407000000000000431e-03
-7.718000000000000034e-03
-5.303000000000000422e-03
-3.111000000000000050e-03
-2.614000000000000004e-03
-2.736000000000000151e-03
-3.167999999999999809e-03
-3.618999999999999821e-03
-2.906000000000000163e-03
-7.699999999999999597e-04
1.647000000000000026e-03
3.956999999999999580e-03
6.279999999999999992e-03
7.979999999999999247e-03
8.196999999999999426e-03
7.173999999999999821e-03
5.876000000000000147e-03
3.067999999999999981e-03
-9.749999999999999552e-04
-4.342000000000000373e-03
-7.230000000000000315e-03
-9.206000000000000641e-03
-1.051599999999999931e-02
-1.037800000000000007e-02
-4.819000000000000367e-03
3.917999999999999608e-03
1.179099999999999940e-02
1.493799999999999989e-02
1.312400000000000025e-02
1.048600000000000053e-02
8.510000000000000203e-03
7.225999999999999784e-03
6.285999999999999921e-03
5.830000000000000113e-03
7.316999999999999720e-03
9.887999999999999221e-03
1.207699999999999919e-02
1.227600000000000045e-02
9.990000000000000616e-03
6.101999999999999785e-03
2.227999999999999946e-03
9.890000000000000787e-04
3.386000000000000121e-03
7.035999999999999720e-03
9.074000000000000468e-03
7.118000000000000195e-03
4.385000000000000009e-03
2.791000000000000078e-03
8.379999999999999862e-04
-1.909000000000000107e-03
-5.824000000000000184e-03
-8.718999999999999320e-03
-1.007500000000000062e-02
-9.504999999999999560e-03
-7.352000000000000028e-03
-6.041999999999999628e-03
-5.584000000000000422e-03
-3.207000000000000215e-03
5.069999999999999637e-04
3.847000000000000159e-03
5.421999999999999736e-03
5.335000000000000332e-03
5.170000000000000116e-03
4.153999999999999707e-03
1.951999999999999959e-03
1.139000000000000038e-03
-8.589999999999999546e-04
-5.204000000000000292e-03
-9.433000000000000412e-03
-1.188299999999999947e-02
-1.296699999999999936e-02
-1.286600000000000070e-02
-1.137600000000000069e-02
-8.999999999999999320e-03
-5.486000000000000425e-03
5.810000000000000277e-04
7.157000000000000167e-03
1.223100000000000055e-02
1.338199999999999980e-02
9.230999999999999622e-03
6.170000000000000354e-04
-9.093999999999999653e-03
-1.318500000000000054e-02
-1.255299999999999992e-02
-1.200599999999999931e-02
-1.227400000000000019e-02
-1.358299999999999959e-02
-1.570399999999999921e-02
-1.585599999999999857e-02
-1.277200000000000037e-02
-7.336999999999999772e-03
-9.259999999999999568e-04
4.531000000000000305e-03
7.618999999999999904e-03
7.487999999999999864e-03
5.135999999999999940e-03
2.762000000000000132e-03
1.484999999999999992e-03
2.382000000000000003e-03
4.593999999999999993e-03
5.303000000000000422e-03
3.533999999999999815e-03
1.124999999999999915e-03
-2.599999999999999772e-04
-2.660000000000000146e-04
-6.999999999999999895e-06
1.500000000000000038e-05
-1.299999999999999920e-05
-3.000000000000000076e-06
-7.179999999999999967e-04
-2.047000000000000208e-03
-4.754000000000000413e-03
-8.418000000000000135e-03
-9.509999999999999357e-03
-7.957000000000000531e-03
-4.841999999999999950e-03
-2.096000000000000207e-03
-1.417999999999999990e-03
-2.335999999999999969e-03
-1.355000000000000085e-03
1.546000000000000065e-03
4.804000000000000110e-03
6.354000000000000273e-03
4.935000000000000150e-03
2.382000000000000003e-03
2.359999999999999902e-04
-9.979999999999999722e-04
-5.899999999999999754e-05
2.746000000000000177e-03
7.898999999999999772e-03
1.387299999999999991e-02
1.646299999999999847e-02
1.620200000000000112e-02
1.595099999999999990e-02
1.610699999999999979e-02
1.622699999999999837e-02
1.618199999999999847e-02
1.395399999999999939e-02
6.986000000000000022e-03
-1.317999999999999944e-03
-4.631999999999999833e-03
-2.922000000000000118e-03
-1.242000000000000048e-03
4.060000000000000024e-04
2.735000000000000018e-03
5.082999999999999845e-03
7.191000000000000343e-03
8.522000000000000061e-03
7.307000000000000127e-03
5.386000000000000162e-03
3.599999999999999901e-03
1.909000000000000107e-03
1.464999999999999939e-03
-2.530000000000000239e-04
-4.398000000000000000e-03
-9.010999999999999913e-03
-1.230099999999999943e-02
-1.589899999999999994e-02
-2.200900000000000079e-02
-2.714300000000000046e-02
-3.077399999999999927e-02
-3.148000000000000104e-02
-2.717299999999999924e-02
-1.789500000000000118e-02
-5.951999999999999826e-03
4.893999999999999913e-03
1.043099999999999930e-02
1.294400000000000064e-02
1.399099999999999996e-02
1.404399999999999919e-02
1.395099999999999986e-02
1.276700000000000057e-02
8.885999999999999802e-03
4.026000000000000065e-03
-1.046999999999999971e-03
-4.617999999999999709e-03
-5.769999999999999955e-03
-4.826999999999999694e-03
-4.199999999999999740e-03
-4.184000000000000219e-03
-3.001999999999999894e-03
-3.890000000000000228e-04
2.883999999999999845e-03
5.916000000000000252e-03
7.331999999999999976e-03
7.265999999999999889e-03
7.130000000000000053e-03
7.198000000000000405e-03
6.250999999999999612e-03
3.971999999999999836e-03
3.174000000000000172e-03
2.786999999999999981e-03
3.030000000000000141e-03
3.784000000000000037e-03
3.857999999999999884e-03
2.213999999999999822e-03
-1.773999999999999969e-03
-5.085000000000000110e-03
-5.398000000000000020e-03
-3.367000000000000201e-03
-9.200000000000000278e-04
4.560000000000000251e-04
5.249999999999999676e-04
6.040000000000000447e-04
2.154000000000000099e-03
4.142999999999999981e-03
4.460999999999999688e-03
2.560000000000000209e-03
4.099999999999999912e-04
-9.890000000000000787e-04
-2.576999999999999864e-03
-4.223000000000000191e-03
-7.655000000000000346e-03
-1.389400000000000010e-02
-2.111700000000000035e-02
-2.400499999999999856e-02
-2.213999999999999996e-02
-1.592199999999999865e-02
-9.438000000000000209e-03
-6.738000000000000066e-03
-6.190000000000000190e-03
-5.734000000000000381e-03
-3.399999999999999811e-03
2.709999999999999735e-04
3.785999999999999869e-03
5.658999999999999968e-03
6.882000000000000096e-03
8.647999999999999438e-03
9.353000000000000203e-03
9.180999999999999925e-03
8.970000000000000542e-03
7.275000000000000216e-03
4.905999999999999771e-03
2.625999999999999862e-03
1.681999999999999901e-03
1.897000000000000032e-03
2.082000000000000083e-03
2.288999999999999802e-03
3.687000000000000173e-03
6.037999999999999964e-03
8.309999999999999679e-03
9.737000000000000863e-03
9.754000000000000517e-03
8.453999999999999709e-03
6.615000000000000220e-03
5.950999999999999693e-03
5.694000000000000276e-03
5.354000000000000252e-03
6.250000000000000347e-03
7.681999999999999593e-03
7.773000000000000395e-03
5.414000000000000409e-03
3.611000000000000060e-03
2.858999999999999996e-03
2.846000000000000005e-03
2.977000000000000045e-03
3.174999999999999871e-03
3.983000000000000429e-03
4.167999999999999830e-03
8.999999999999999754e-04
-5.713000000000000196e-03
-1.207000000000000087e-02
-1.417299999999999983e-02
-1.262899999999999960e-02
-8.789999999999999203e-03
-4.982999999999999582e-03
-3.671999999999999917e-03
-3.883999999999999866e-03
-3.939999999999999926e-03
-3.867999999999999911e-03
-5.048999999999999669e-03
-7.270000000000000420e-03
-7.752000000000000210e-03
-7.551000000000000420e-03
-8.904999999999999721e-03
-1.085999999999999986e-02
-1.186800000000000008e-02
-1.256999999999999958e-02
-1.189800000000000059e-02
-1.038700000000000040e-02
-7.459999999999999618e-03
-3.103999999999999988e-03
7.309999999999999875e-04
4.870000000000000197e-03
1.074600000000000034e-02
1.805299999999999960e-02
2.471500000000000086e-02
2.734999999999999931e-02
2.703399999999999900e-02
2.497600000000000167e-02
2.077700000000000033e-02
1.618100000000000094e-02
1.205900000000000027e-02
7.834000000000000685e-03
3.569999999999999823e-03
-5.209999999999999788e-04
-2.746000000000000177e-03
-2.625000000000000163e-03
-2.648999999999999879e-03
-4.376999999999999814e-03
-6.002999999999999656e-03
-4.481999999999999873e-03
-4.009999999999999893e-04
1.118999999999999986e-03
1.160000000000000007e-03
6.059999999999999849e-04
-1.480999999999999895e-03
-2.269999999999999882e-03
-1.907999999999999974e-03
-2.282000000000000174e-03
-4.199999999999999740e-03
-4.274000000000000021e-03
-3.506000000000000002e-03
-4.432000000000000176e-03
-6.886999999999999893e-03
-1.072200000000000063e-02
-1.630699999999999858e-02
-2.075600000000000014e-02
-2.218499999999999986e-02
-2.192900000000000058e-02
-2.176600000000000062e-02
-2.150900000000000034e-02
-2.030600000000000113e-02
-1.956099999999999853e-02
-1.897099999999999828e-02
-1.892800000000000038e-02
-1.930799999999999877e-02
-1.680600000000000149e-02
-1.060999999999999964e-02
-3.952999999999999917e-03
1.235999999999999903e-03
3.272000000000000169e-03
2.028999999999999988e-03
1.647000000000000026e-03
3.157000000000000084e-03
5.165999999999999585e-03
7.988000000000000309e-03
9.790000000000000091e-03
9.870000000000000301e-03
7.919999999999999957e-03
6.329999999999999689e-03
5.790000000000000008e-03
6.870000000000000238e-03
8.595000000000000209e-03
1.209400000000000058e-02
1.615400000000000169e-02
1.852099999999999927e-02
1.929000000000000159e-02
1.928900000000000059e-02
1.929000000000000159e-02
1.931400000000000131e-02
1.850999999999999868e-02
1.649300000000000072e-02
1.419699999999999955e-02
1.167400000000000035e-02
8.878999999999999740e-03
6.826999999999999735e-03
4.799000000000000314e-03
2.155999999999999930e-03
-2.309999999999999987e-03
-7.562000000000000145e-03
-1.065200000000000001e-02
-1.171200000000000019e-02
-1.231800000000000082e-02
-1.128400000000000063e-02
-7.668000000000000337e-03
-3.137000000000000031e-03
5.199999999999999680e-05
1.307999999999999918e-03
1.781999999999999947e-03
5.029999999999999749e-04
-1.399000000000000070e-03
-1.786999999999999960e-03
-1.402000000000000034e-03
-1.294999999999999927e-03
-1.325999999999999922e-03
-1.281000000000000021e-03
-1.775000000000000102e-03
-4.282000000000000216e-03
-6.718000000000000013e-03
-5.826999999999999715e-03
2.044999999999999943e-03
1.217200000000000053e-02
1.588600000000000081e-02
1.387700000000000045e-02
8.489000000000000018e-03
3.799999999999999992e-03
1.941999999999999933e-03
1.299999999999999886e-04
-2.243000000000000202e-03
-5.622000000000000261e-03
-9.792000000000000356e-03
-1.172800000000000058e-02
-1.129499999999999948e-02
-1.088599999999999984e-02
-1.000200000000000047e-02
-7.978000000000000716e-03
-6.167999999999999872e-03
-2.897999999999999968e-03
1.933999999999999955e-03
6.818000000000000276e-03
1.132999999999999979e-02
1.538600000000000037e-02
1.711100000000000121e-02
1.392099999999999935e-02
6.309000000000000372e-03
-1.806000000000000097e-03
-4.054000000000000312e-03
-1.626000000000000058e-03
2.345999999999999995e-03
6.043999999999999893e-03
8.517999999999999530e-03
1.123599999999999946e-02
1.453600000000000031e-02
1.611800000000000038e-02
1.440600000000000040e-02
1.171400000000000045e-02
8.673000000000000154e-03
4.849000000000000012e-03
-2.524000000000000202e-03
-1.294799999999999944e-02
-2.024300000000000058e-02
-1.989300000000000096e-02
-1.545900000000000052e-02
-1.057199999999999980e-02
-6.141999999999999890e-03
-2.478999999999999867e-03
-9.380000000000000317e-04
-1.038000000000000077e-03
-1.131999999999999977e-03
-5.000000000000000104e-04
1.392000000000000008e-03
3.935000000000000130e-03
6.836000000000000063e-03
9.518999999999999684e-03
8.725000000000000117e-03
4.415999999999999787e-03
-2.420000000000000005e-04
-4.341000000000000240e-03
-7.322000000000000383e-03
-8.373000000000000234e-03
-8.710000000000000728e-03
-7.986000000000000043e-03
-6.732000000000000137e-03
-5.836000000000000042e-03
-6.875000000000000035e-03
-9.263000000000000400e-03
-1.103499999999999967e-02
-1.129900000000000002e-02
-1.184999999999999942e-02
-1.278100000000000069e-02
-1.288199999999999935e-02
-1.267599999999999977e-02
-1.258599999999999997e-02
-1.241800000000000022e-02
-1.031199999999999999e-02
-5.950000000000000427e-03
-2.658000000000000206e-03
-6.200000000000000270e-05
3.926999999999999935e-03
6.890000000000000291e-03
7.964000000000000593e-03
8.484000000000000222e-03
9.062999999999999876e-03
1.094700000000000013e-02
1.349400000000000079e-02
1.629799999999999999e-02
1.950100000000000097e-02
2.136400000000000104e-02
2.114500000000000060e-02
2.162199999999999886e-02
2.217399999999999927e-02
2.216999999999999874e-02
2.132200000000000067e-02
1.685899999999999899e-02
7.986000000000000043e-03
-2.981000000000000143e-03
-1.280399999999999941e-02
-1.923300000000000010e-02
-2.142000000000000154e-02
-2.154100000000000112e-02
-2.070999999999999924e-02
-2.031000000000000166e-02
-2.035800000000000110e-02
-2.006600000000000050e-02
-1.849999999999999908e-02
-1.661500000000000130e-02
-1.533400000000000041e-02
-1.355400000000000008e-02
-1.242399999999999928e-02
-1.243200000000000034e-02
-1.166700000000000029e-02
-8.692999999999999339e-03
-5.014000000000000228e-03
-1.529999999999999893e-03
2.590999999999999987e-03
6.193999999999999853e-03
6.205999999999999711e-03
3.562000000000000062e-03
-5.820000000000000520e-04
-4.484000000000000138e-03
-5.875000000000000014e-03
-4.235000000000000049e-03
-1.652000000000000040e-03
-3.890000000000000228e-04
-4.589999999999999896e-04
-1.262000000000000101e-03
-3.781000000000000073e-03
-6.055999999999999751e-03
-7.213999999999999926e-03
-6.708999999999999686e-03
-4.401999999999999663e-03
-1.853999999999999962e-03
3.809999999999999910e-04
2.524999999999999901e-03
3.805999999999999921e-03
3.870999999999999875e-03
3.778000000000000108e-03
3.857000000000000185e-03
3.334999999999999857e-03
2.141999999999999807e-03
1.038000000000000077e-03
3.370000000000000057e-04
1.088999999999999907e-03
4.766000000000000271e-03
8.273000000000000839e-03
1.000599999999999927e-02
1.273299999999999953e-02
1.573499999999999899e-02
1.793000000000000149e-02
1.868600000000000122e-02
1.700000000000000122e-02
1.448200000000000008e-02
1.206400000000000007e-02
8.569999999999999493e-03
2.980000000000000010e-03
-5.155999999999999993e-03
-1.325800000000000069e-02
-1.895399999999999863e-02
-1.994599999999999845e-02
-1.580700000000000160e-02
-6.046000000000000159e-03
4.466000000000000351e-03
1.117499999999999917e-02
1.518100000000000005e-02
1.963700000000000168e-02
2.453800000000000078e-02
2.721099999999999908e-02
2.635300000000000142e-02
2.403599999999999834e-02
2.137299999999999964e-02
1.866100000000000050e-02
1.587399999999999922e-02
1.273700000000000006e-02
1.051000000000000024e-02
9.820999999999999869e-03
1.005699999999999997e-02
1.019399999999999994e-02
1.014400000000000024e-02
9.301999999999999505e-03
7.106000000000000337e-03
3.775999999999999843e-03
6.130000000000000466e-04
-2.449999999999999921e-03
-4.394000000000000336e-03
-4.436999999999999972e-03
-4.210000000000000200e-03
-5.401999999999999684e-03
-7.681999999999999593e-03
-9.374000000000000388e-03
-7.830000000000000154e-03
-2.196000000000000035e-03
7.174999999999999954e-03
1.789599999999999871e-02
2.062500000000000097e-02
1.511000000000000017e-02
9.596999999999999628e-03
5.542000000000000051e-03
-3.519999999999999908e-04
-7.913999999999999160e-03
-1.538100000000000057e-02
-2.023000000000000145e-02
-2.291800000000000087e-02
-2.593399999999999872e-02
-2.834100000000000161e-02
-2.908699999999999827e-02
-2.885700000000000071e-02
-2.828500000000000111e-02
-2.657699999999999993e-02
-2.479900000000000160e-02
-2.349000000000000046e-02
-2.165699999999999917e-02
-2.036299999999999916e-02
-1.973400000000000154e-02
-2.036200000000000163e-02
-2.078100000000000086e-02
-2.062100000000000044e-02
-2.044800000000000090e-02
-2.004699999999999885e-02
-1.746299999999999936e-02
-1.132299999999999973e-02
-2.279000000000000210e-03
8.602000000000000271e-03
1.603800000000000017e-02
1.953500000000000028e-02
2.176900000000000016e-02
2.397699999999999831e-02
2.588800000000000129e-02
2.497399999999999967e-02
2.194600000000000023e-02
1.564799999999999872e-02
9.690000000000000696e-03
1.035699999999999989e-02
1.289799999999999974e-02
1.428199999999999956e-02
1.555199999999999985e-02
1.476300000000000008e-02
1.232899999999999968e-02
1.066100000000000034e-02
8.973000000000000073e-03
7.111000000000000133e-03
5.675000000000000357e-03
4.075999999999999762e-03
3.566000000000000159e-03
3.040999999999999866e-03
9.420000000000000205e-04
-2.386000000000000100e-03
-5.890000000000000270e-03
-1.068400000000000079e-02
-1.609999999999999973e-02
-2.217799999999999980e-02
-2.869299999999999976e-02
-3.385200000000000015e-02
-3.565000000000000113e-02
-3.138300000000000117e-02
-2.338799999999999907e-02
-1.472599999999999951e-02
-7.842999999999999278e-03
-3.578000000000000017e-03
-1.123999999999999999e-03
-8.899999999999999491e-05
9.370000000000000074e-04
2.171000000000000187e-03
3.923000000000000272e-03
3.762000000000000153e-03
1.806000000000000097e-03
6.340000000000000149e-04
-1.820000000000000057e-04
3.040000000000000167e-04
1.860000000000000108e-03
4.640000000000000027e-03
8.713000000000000259e-03
1.169000000000000074e-02
1.402499999999999927e-02
1.718199999999999936e-02
2.022600000000000092e-02
2.217200000000000074e-02
2.229799999999999838e-02
2.095699999999999993e-02
1.909699999999999939e-02
1.716799999999999923e-02
1.671399999999999969e-02
1.561300000000000014e-02
1.279600000000000008e-02
7.986000000000000043e-03
1.033999999999999980e-03
-6.557000000000000328e-03
-1.164699999999999937e-02
-1.283399999999999992e-02
-1.179799999999999946e-02
-9.416000000000000758e-03
-6.024999999999999974e-03
-2.031999999999999952e-03
2.422999999999999807e-03
7.041000000000000383e-03
1.034900000000000056e-02
1.167799999999999915e-02
1.330600000000000012e-02
1.447700000000000028e-02
1.445899999999999963e-02
1.324499999999999983e-02
9.482000000000000844e-03
3.789999999999999966e-03
-3.559000000000000098e-03
-1.239900000000000030e-02
-2.081799999999999970e-02
-2.706599999999999978e-02
-3.022400000000000087e-02
-3.039499999999999841e-02
-2.972199999999999842e-02
-2.770999999999999852e-02
-2.439399999999999902e-02
-2.120999999999999969e-02
-1.708700000000000149e-02
-1.028899999999999954e-02
-1.753999999999999917e-03
2.948000000000000100e-03
4.014000000000000207e-03
4.112000000000000204e-03
4.144000000000000114e-03
3.782000000000000205e-03
1.618000000000000081e-03
1.779999999999999898e-04
-8.310000000000000329e-04
-3.699000000000000031e-03
-6.546999999999999868e-03
-9.676000000000000573e-03
-1.336500000000000014e-02
-1.509100000000000025e-02
-1.579200000000000048e-02
-1.589000000000000135e-02
-1.472599999999999951e-02
-1.183299999999999977e-02
-6.309999999999999637e-03
2.566000000000000138e-03
1.559100000000000069e-02
2.708899999999999850e-02
3.397800000000000126e-02
3.696100000000000080e-02
3.712700000000000028e-02
3.615800000000000264e-02
3.518700000000000300e-02
3.493999999999999884e-02
3.380199999999999871e-02
3.015800000000000078e-02
2.279199999999999976e-02
1.376199999999999993e-02
5.150000000000000064e-03
-1.056000000000000081e-03
-4.982000000000000317e-03
-6.850000000000000186e-03
-5.973000000000000011e-03
-4.416999999999999919e-03
-2.471999999999999805e-03
-1.510000000000000112e-04
2.139999999999999975e-03
4.396999999999999867e-03
6.637999999999999803e-03
8.009999999999999759e-03
8.146000000000000463e-03
7.788999999999999917e-03
6.058000000000000017e-03
2.210000000000000159e-03
-2.393999999999999861e-03
-5.989999999999999665e-03
-8.994999999999999524e-03
-1.162799999999999945e-02
-1.241300000000000042e-02
-1.205700000000000001e-02
-1.200999999999999984e-02
-1.375000000000000007e-02
-1.676300000000000012e-02
-1.758200000000000041e-02
-1.518000000000000078e-02
-1.014999999999999930e-02
-4.224999999999999589e-03
1.402999999999999950e-03
4.922000000000000160e-03
5.193999999999999832e-03
3.719000000000000083e-03
3.204999999999999950e-03
3.529000000000000019e-03
3.650000000000000033e-03
3.602000000000000167e-03
3.611000000000000060e-03
3.670999999999999784e-03
3.645999999999999935e-03
2.650000000000000012e-03
6.980000000000000527e-04
-7.829999999999999504e-04
-3.318999999999999902e-03
-6.225999999999999764e-03
-9.070999999999999203e-03
-1.107400000000000051e-02
-1.139100000000000008e-02
-1.252999999999999947e-02
-1.437000000000000083e-02
-1.410600000000000048e-02
-1.251700000000000035e-02
-1.048200000000000000e-02
-7.333000000000000108e-03
-4.610000000000000382e-03
-3.102000000000000157e-03
-2.072000000000000057e-03
-5.199999999999999680e-05
2.124000000000000020e-03
2.405000000000000020e-03
4.840000000000000010e-04
-1.894999999999999983e-03
-3.016000000000000018e-03
-2.879000000000000049e-03
-3.030999999999999840e-03
-4.230000000000000253e-03
-4.832999999999999623e-03
-5.393000000000000224e-03
-6.322999999999999628e-03
-6.465000000000000260e-03
-6.277999999999999726e-03
-6.224999999999999631e-03
-5.420000000000000338e-03
-3.397999999999999979e-03
-1.981999999999999821e-03
-5.659999999999999884e-04
1.265999999999999981e-03
2.400999999999999922e-03
3.135000000000000200e-03
2.393999999999999861e-03
1.461000000000000059e-03
1.485999999999999908e-03
1.665999999999999946e-03
1.675999999999999972e-03
1.569000000000000082e-03
5.900000000000000296e-04
1.769999999999999926e-04
1.454999999999999913e-03
2.126999999999999984e-03
1.953000000000000092e-03
1.869000000000000002e-03
1.324000000000000090e-03
-4.020000000000000136e-04
3.460000000000000076e-04
2.249000000000000131e-03
3.583999999999999946e-03
5.294000000000000095e-03
7.068999999999999763e-03
1.047799999999999947e-02
1.368699999999999951e-02
1.519399999999999917e-02
1.645399999999999988e-02
1.530600000000000016e-02
1.161399999999999932e-02
8.033999999999999475e-03
4.922000000000000160e-03
1.894000000000000067e-03
1.069999999999999988e-04
-8.459999999999999638e-04
-1.752000000000000085e-03
-2.863000000000000093e-03
-4.003999999999999747e-03
-4.722999999999999768e-03
-4.268000000000000092e-03
-2.345999999999999995e-03
-7.219999999999999855e-04
-4.739999999999999747e-04
5.999999999999999474e-04
2.292000000000000200e-03
1.315999999999999896e-03
-5.699999999999999772e-04
-1.051999999999999984e-03
-2.667000000000000100e-03
-4.347000000000000169e-03
-4.334000000000000179e-03
-4.674000000000000203e-03
-6.573999999999999982e-03
-7.898000000000000506e-03
-7.803000000000000040e-03
-7.557999999999999614e-03
-7.497000000000000192e-03
-5.826999999999999715e-03
-1.683999999999999950e-03
1.869999999999999917e-03
3.937000000000000395e-03
5.006000000000000033e-03
4.314000000000000126e-03
3.611000000000000060e-03
1.842000000000000104e-03
-1.214000000000000018e-03
-3.253999999999999948e-03
-3.475999999999999923e-03
-3.129999999999999970e-03
-1.358000000000000049e-03
3.128000000000000138e-03
8.071000000000000049e-03
1.152500000000000052e-02
1.228800000000000031e-02
1.190599999999999992e-02
1.089000000000000037e-02
9.037999999999999159e-03
8.168999999999999179e-03
7.563000000000000278e-03
5.355999999999999650e-03
2.958000000000000126e-03
1.172999999999999998e-03
1.034999999999999896e-03
1.356000000000000000e-03
1.371000000000000040e-03
1.342000000000000094e-03
1.482000000000000027e-03
2.573000000000000200e-03
4.909000000000000169e-03
6.602000000000000229e-03
5.970999999999999745e-03
5.194999999999999965e-03
3.808999999999999886e-03
1.846999999999999901e-03
1.593999999999999931e-03
1.984999999999999785e-03
2.040999999999999846e-03
1.931999999999999907e-03
1.085999999999999943e-03
-7.460000000000000268e-04
-2.272999999999999847e-03
-4.328000000000000250e-03
-5.421999999999999736e-03
-5.184000000000000240e-03
-4.965999999999999928e-03
-5.388000000000000428e-03
-7.492999999999999661e-03
-8.923000000000000376e-03
-8.685000000000000012e-03
-7.649999999999999682e-03
-5.717999999999999992e-03
-4.478000000000000209e-03
-4.486999999999999669e-03
-4.617999999999999709e-03
-4.512999999999999651e-03
-4.401999999999999663e-03
-4.282000000000000216e-03
-3.570999999999999956e-03
-2.540999999999999856e-03
-1.753000000000000001e-03
-6.689999999999999983e-04
-1.910000000000000077e-04
-1.110000000000000011e-04
1.165999999999999936e-03
3.193999999999999791e-03
3.348999999999999980e-03
2.671000000000000197e-03
3.425999999999999792e-03
3.942000000000000191e-03
4.117000000000000000e-03
5.603000000000000341e-03
6.448999999999999871e-03
3.690000000000000138e-03
-9.060000000000000128e-04
-4.947000000000000008e-03
-7.405000000000000124e-03
-9.957999999999999838e-03
-1.158299999999999955e-02
-1.175700000000000009e-02
-1.077299999999999959e-02
-1.019199999999999967e-02
-8.944000000000000561e-03
-7.037999999999999985e-03
-5.821999999999999918e-03
-4.172000000000000361e-03
-2.642999999999999950e-03
-1.270999999999999994e-03
5.450000000000000200e-04
1.779999999999999898e-03
3.397999999999999979e-03
4.118000000000000133e-03
3.070999999999999945e-03
1.727999999999999935e-03
1.105999999999999995e-03
1.216999999999999983e-03
1.389999999999999960e-03
1.420000000000000038e-03
1.433999999999999945e-03
1.453999999999999997e-03
1.497999999999999983e-03
1.497999999999999983e-03
1.430000000000000064e-04
-2.010000000000000068e-03
-2.321999999999999845e-03
-1.941999999999999933e-03
-1.936999999999999920e-03
-1.933999999999999955e-03
-1.758000000000000014e-03
-6.210000000000000242e-04
1.409000000000000096e-03
2.265999999999999785e-03
2.062000000000000031e-03
2.060000000000000199e-03
2.993000000000000001e-03
4.075999999999999762e-03
4.478000000000000209e-03
5.493999999999999752e-03
6.141999999999999890e-03
5.274000000000000042e-03
3.366000000000000068e-03
3.246000000000000187e-03
4.629999999999999567e-03
5.930999999999999640e-03
6.322000000000000362e-03
6.270000000000000399e-03
6.147999999999999819e-03
4.939999999999999947e-03
2.614000000000000004e-03
3.499999999999999964e-04
-1.036999999999999944e-03
-1.877999999999999895e-03
-1.546999999999999981e-03
6.409999999999999682e-04
2.664999999999999834e-03
3.069000000000000113e-03
2.834000000000000147e-03
1.838999999999999923e-03
-1.100000000000000039e-04
-9.859999999999998974e-04
-1.686999999999999915e-03
-3.886999999999999830e-03
-4.906999999999999904e-03
-6.388999999999999714e-03
-8.132999999999999605e-03
-8.278999999999999901e-03
-8.501999999999999141e-03
-1.029399999999999933e-02
-1.171499999999999972e-02
-1.061600000000000044e-02
-7.805000000000000306e-03
-3.929000000000000201e-03
-4.859999999999999954e-04
1.405999999999999915e-03
4.118000000000000133e-03
6.820999999999999806e-03
7.649999999999999682e-03
7.413000000000000318e-03
7.357999999999999957e-03
7.471000000000000210e-03
7.512999999999999713e-03
7.513999999999999846e-03
6.766000000000000313e-03
3.399000000000000112e-03
8.200000000000000095e-05
-1.092000000000000089e-03
-2.569999999999999802e-03
-3.637000000000000042e-03
-3.908000000000000015e-03
-4.878999999999999657e-03
-4.751000000000000015e-03
-3.346000000000000016e-03
-1.817999999999999955e-03
-3.399999999999999973e-05
2.979999999999999793e-04
-5.130000000000000011e-04
-1.278000000000000056e-03
-2.948000000000000100e-03
-4.571000000000000410e-03
-6.275000000000000196e-03
-7.839999999999999747e-03
-9.981999999999999554e-03
-1.074199999999999981e-02
-1.038200000000000060e-02
-1.021200000000000059e-02
-1.027800000000000068e-02
-9.780999999999999764e-03
-7.891000000000000444e-03
-5.453999999999999647e-03
-3.233000000000000197e-03
-1.101999999999999898e-03
8.310000000000000329e-04
1.977000000000000025e-03
3.684000000000000209e-03
5.274000000000000042e-03
6.510000000000000162e-03
8.593999999999999209e-03
1.098299999999999971e-02
1.266899999999999971e-02
1.286900000000000023e-02
1.094999999999999966e-02
8.817999999999999450e-03
7.354000000000000294e-03
6.309999999999999637e-03
7.683999999999999858e-03
1.033799999999999997e-02
1.251900000000000061e-02
1.338400000000000006e-02
1.333400000000000037e-02
1.334600000000000022e-02
1.337499999999999974e-02
1.247000000000000018e-02
1.053800000000000049e-02
9.010000000000000647e-03
6.486999999999999711e-03
4.279999999999999950e-03
3.258000000000000045e-03
6.570000000000000319e-04
-3.468999999999999861e-03
-5.565999999999999767e-03
-6.669999999999999714e-03
-8.212000000000000549e-03
-9.438999999999999474e-03
-1.112600000000000047e-02
-1.215399999999999987e-02
-1.170400000000000086e-02
-9.884000000000000424e-03
-8.108999999999999889e-03
-6.938999999999999856e-03
-4.866999999999999799e-03
-1.745999999999999939e-03
1.546000000000000065e-03
4.015000000000000339e-03
5.323999999999999740e-03
4.619999999999999975e-03
3.322999999999999999e-03
1.882999999999999908e-03
-1.630000000000000047e-04
-1.247999999999999977e-03
-1.853999999999999962e-03
-3.423999999999999960e-03
-3.779999999999999940e-03
-3.439000000000000216e-03
-3.860999999999999849e-03
-4.955000000000000203e-03
-4.435999999999999839e-03
-3.158000000000000217e-03
-2.981000000000000143e-03
-3.167000000000000110e-03
-2.481999999999999831e-03
-4.110000000000000155e-04
9.959999999999999236e-04
1.242999999999999964e-03
2.601000000000000013e-03
4.094000000000000417e-03
4.104000000000000009e-03
4.575000000000000074e-03
4.743999999999999953e-03
3.640000000000000006e-03
2.484000000000000097e-03
1.423000000000000003e-03
-3.170000000000000075e-04
-2.445999999999999824e-03
-3.994000000000000154e-03
-5.507999999999999875e-03
-6.016999999999999779e-03
-5.734000000000000381e-03
-4.569000000000000145e-03
-2.520999999999999804e-03
-1.614999999999999899e-03
-1.752000000000000085e-03
-1.144000000000000052e-03
1.079999999999999960e-04
6.019999999999999961e-04
1.562000000000000020e-03
2.337000000000000102e-03
2.305999999999999890e-03
2.252999999999999794e-03
2.386999999999999799e-03
2.458999999999999814e-03
1.629999999999999939e-03
-6.579999999999999478e-04
-1.518000000000000035e-03
-1.126999999999999964e-03
-9.250000000000000409e-04
-9.550000000000000112e-04
-9.659999999999999533e-04
-1.595000000000000064e-03
-3.471999999999999826e-03
-4.690999999999999857e-03
-4.845000000000000348e-03
-5.322000000000000342e-03
-4.781999999999999792e-03
-3.389999999999999784e-03
-1.268000000000000030e-03
1.183000000000000024e-03
3.131999999999999802e-03
3.567999999999999991e-03
3.402000000000000076e-03
3.331999999999999892e-03
2.223000000000000149e-03
3.119999999999999944e-04
-3.469999999999999777e-04
-1.140000000000000063e-04
-6.459999999999999814e-04
-1.121000000000000035e-03
-2.109999999999999896e-03
-2.360000000000000119e-03
-2.236999999999999839e-03
-3.261000000000000010e-03
-3.691999999999999969e-03
-3.438000000000000084e-03
-3.350000000000000113e-03
-2.928000000000000047e-03
-1.139999999999999954e-03
5.270000000000000162e-04
8.440000000000000236e-04
1.915000000000000036e-03
3.939999999999999926e-03
4.658999999999999947e-03
4.433999999999999574e-03
4.538000000000000367e-03
5.493999999999999752e-03
5.053000000000000200e-03
2.681999999999999922e-03
8.369999999999999619e-04
-6.759999999999999516e-04
-1.727000000000000019e-03
-1.033999999999999980e-03
-2.269999999999999882e-04
8.440000000000000236e-04
1.376999999999999969e-03
2.158000000000000196e-03
4.181999999999999953e-03
5.605999999999999872e-03
6.993000000000000084e-03
7.477000000000000139e-03
4.006000000000000012e-03
-7.540000000000000044e-04
-2.969999999999999984e-03
-4.009999999999999676e-03
-5.594000000000000014e-03
-6.140999999999999757e-03
-5.845999999999999634e-03
-5.792000000000000273e-03
-5.833999999999999776e-03
-5.779000000000000282e-03
-6.224000000000000365e-03
-6.721999999999999677e-03
-5.884999999999999606e-03
-4.805000000000000243e-03
-3.892000000000000060e-03
-3.021999999999999947e-03
-1.981999999999999821e-03
-8.140000000000000534e-04
2.649999999999999903e-04
1.848000000000000033e-03
3.572999999999999787e-03
4.622000000000000240e-03
5.435999999999999860e-03
5.585999999999999820e-03
5.081999999999999712e-03
3.827000000000000107e-03
2.690000000000000117e-03
1.693999999999999976e-03
5.410000000000000312e-04
-2.910000000000000260e-04
-7.100000000000000191e-04
-1.740999999999999926e-03
-2.229000000000000078e-03
-2.239999999999999804e-03
-3.001999999999999894e-03
-2.792999999999999910e-03
-2.041999999999999978e-03
-2.014999999999999864e-03
-2.108000000000000065e-03
-7.659999999999999708e-04
2.370000000000000145e-03
3.922000000000000139e-03
3.629999999999999980e-03
4.078000000000000028e-03
4.398000000000000000e-03
3.334000000000000158e-03
1.938000000000000052e-03
9.169999999999999549e-04
-1.299999999999999886e-04
-4.620000000000000083e-04
-3.350000000000000113e-04
-1.500000000000000038e-05
1.113999999999999973e-03
1.747999999999999988e-03
2.356000000000000021e-03
3.340999999999999786e-03
3.521999999999999957e-03
3.344999999999999883e-03
3.330000000000000061e-03
3.363999999999999803e-03
3.253999999999999948e-03
2.282000000000000174e-03
1.381999999999999982e-03
1.368000000000000075e-03
9.560000000000000355e-04
5.900000000000000296e-04
1.314000000000000064e-03
1.613999999999999983e-03
1.480999999999999895e-03
1.487000000000000040e-03
1.451000000000000033e-03
5.050000000000000235e-04
-1.949999999999999965e-04
5.180000000000000143e-04
6.539999999999999590e-04
4.429999999999999802e-04
-2.469999999999999865e-04
-4.510000000000000120e-04
-3.370000000000000057e-04
-2.860000000000000129e-04
4.820000000000000066e-04
2.416999999999999878e-03
3.807000000000000054e-03
4.826000000000000428e-03
5.320000000000000076e-03
4.597999999999999657e-03
3.155999999999999951e-03
9.979999999999999722e-04
-8.689999999999999808e-04
-2.041999999999999978e-03
-2.939999999999999905e-03
-3.118999999999999811e-03
-2.350000000000000092e-03
-2.116999999999999958e-03
-2.177000000000000116e-03
-2.144000000000000072e-03
-2.219000000000000052e-03
-3.043000000000000132e-03
-2.938000000000000073e-03
-2.167000000000000089e-03
-2.088000000000000012e-03
-2.239000000000000105e-03
-2.402000000000000055e-03
-3.369000000000000033e-03
-4.117000000000000000e-03
-4.100000000000000346e-03
-3.912999999999999812e-03
-3.005999999999999991e-03
-2.049000000000000040e-03
-2.001999999999999873e-03
-2.158000000000000196e-03
-2.134000000000000046e-03
-2.233999999999999875e-03
-3.227999999999999967e-03
-4.072000000000000099e-03
-4.034000000000000259e-03
-3.896999999999999856e-03
-3.930000000000000333e-03
-3.797000000000000028e-03
-2.712000000000000001e-03
-1.869999999999999917e-03
-1.958000000000000105e-03
-2.138000000000000143e-03
-1.965999999999999866e-03
-9.030000000000000483e-04
3.020000000000000223e-04
1.445000000000000104e-03
1.930000000000000075e-03
2.614000000000000004e-03
3.469999999999999994e-03
2.565000000000000006e-03
1.529999999999999893e-03
1.085999999999999943e-03
1.740000000000000010e-04
-2.100000000000000087e-04
-7.499999999999999343e-05
-3.179999999999999776e-04
-1.531999999999999942e-03
-2.138999999999999842e-03
-1.933999999999999955e-03
-1.685999999999999999e-03
-4.960000000000000216e-04
1.786000000000000044e-03
3.634000000000000077e-03
3.910000000000000281e-03
3.640000000000000006e-03
3.602000000000000167e-03
3.384999999999999988e-03
2.302999999999999926e-03
1.691999999999999928e-03
1.776999999999999934e-03
1.850000000000000082e-03
1.812000000000000026e-03
1.794000000000000022e-03
1.299999999999999940e-03
1.659999999999999963e-04
-2.970000000000000092e-04
-9.290000000000000297e-04
-7.360000000000000006e-04
1.699999999999999987e-05
1.250000000000000026e-04
6.880000000000000265e-04
1.868000000000000086e-03
3.078000000000000007e-03
3.831000000000000204e-03
3.811999999999999850e-03
3.645999999999999935e-03
2.919000000000000154e-03
1.897999999999999948e-03
1.758000000000000014e-03
1.918999999999999916e-03
1.866000000000000037e-03
1.797999999999999902e-03
1.810999999999999893e-03
1.822000000000000052e-03
2.028999999999999988e-03
3.167999999999999809e-03
3.896999999999999856e-03
4.277999999999999685e-03
4.601000000000000055e-03
3.854999999999999920e-03
3.288999999999999823e-03
2.001999999999999873e-03
-2.059999999999999928e-04
-1.843000000000000020e-03
-2.046000000000000076e-03
-1.984000000000000086e-03
-3.027000000000000177e-03
-4.274000000000000021e-03
-4.961000000000000132e-03
-4.197000000000000210e-03
-2.822999999999999989e-03
-9.929999999999999591e-04
8.200000000000000095e-05
-3.600000000000000091e-05
-2.239999999999999966e-04
-1.730000000000000038e-04
-1.140000000000000063e-04
-9.100000000000000287e-05
1.110000000000000011e-04
8.689999999999999808e-04
-7.999999999999999638e-06
-2.494000000000000123e-03
-5.518999999999999601e-03
-7.705000000000000043e-03
-7.825999999999999623e-03
-7.483000000000000068e-03
-7.067000000000000365e-03
-5.401999999999999684e-03
-3.778999999999999807e-03
-2.668999999999999932e-03
-9.079999999999999530e-04
3.820000000000000153e-04
9.319999999999999942e-04
1.299999999999999886e-04
-1.178000000000000011e-03
-2.276999999999999944e-03
-3.634000000000000077e-03
-5.486000000000000425e-03
-6.158000000000000279e-03
-6.597999999999999698e-03
-7.633000000000000028e-03
-7.922000000000000222e-03
-7.459000000000000352e-03
-6.265999999999999868e-03
-5.714999999999999594e-03
-5.841999999999999971e-03
-5.185999999999999638e-03
-4.936000000000000283e-03
-4.602000000000000188e-03
-3.524999999999999922e-03
-1.629999999999999939e-03
6.300000000000000261e-04
2.811000000000000131e-03
4.733000000000000228e-03
5.821999999999999918e-03
6.851999999999999584e-03
7.254000000000000031e-03
7.098000000000000143e-03
7.015000000000000402e-03
7.042999999999999781e-03
6.666000000000000050e-03
5.492000000000000354e-03
5.717999999999999992e-03
6.962000000000000306e-03
7.198000000000000405e-03
7.008999999999999606e-03
7.418000000000000115e-03
8.019999999999999352e-03
7.369999999999999815e-03
7.754999999999999741e-03
8.883000000000000271e-03
9.017999999999999974e-03
9.273999999999999258e-03
1.041000000000000085e-02
1.001800000000000086e-02
8.708000000000000462e-03
8.514999999999999999e-03
8.389999999999999888e-03
6.708000000000000421e-03
4.291999999999999808e-03
2.965999999999999887e-03
2.648999999999999879e-03
6.260000000000000373e-04
-1.438000000000000042e-03
-2.501999999999999884e-03
-3.433999999999999986e-03
-4.470000000000000015e-03
-4.621000000000000107e-03
-4.427000000000000379e-03
-4.015000000000000339e-03
-2.948000000000000100e-03
-2.494000000000000123e-03
-2.580999999999999961e-03
-2.837999999999999811e-03
-3.972999999999999969e-03
-4.766000000000000271e-03
-4.696999999999999786e-03
-4.673000000000000070e-03
-5.591999999999999749e-03
-6.825999999999999603e-03
-8.044000000000000802e-03
-9.018999999999999240e-03
-1.003000000000000072e-02
-1.026999999999999962e-02
-9.253000000000000808e-03
-8.031999999999999210e-03
-6.897000000000000353e-03
-6.361999999999999600e-03
-5.831000000000000245e-03
-4.759000000000000209e-03
-3.341999999999999919e-03
-1.185999999999999988e-03
1.141000000000000087e-03
2.687000000000000152e-03
2.920999999999999985e-03
2.739999999999999814e-03
2.541999999999999989e-03
1.775000000000000102e-03
2.145999999999999904e-03
2.870000000000000155e-03
3.582000000000000114e-03
4.549000000000000092e-03
4.712000000000000043e-03
4.185999999999999617e-03
3.053999999999999857e-03
2.618999999999999800e-03
3.497999999999999807e-03
4.558999999999999685e-03
4.414000000000000389e-03
3.152999999999999987e-03
2.442999999999999859e-03
1.923000000000000013e-03
9.179999999999999792e-04
6.849999999999999535e-04
1.105999999999999995e-03
2.165999999999999957e-03
1.747999999999999988e-03
-7.060000000000000303e-04
-2.389000000000000064e-03
-3.989000000000000358e-03
-5.250000000000000326e-03
-5.932999999999999906e-03
-5.277999999999999706e-03
-4.127999999999999725e-03
-3.836000000000000000e-03
-4.714000000000000308e-03
-4.994000000000000175e-03
-4.825000000000000296e-03
-4.801999999999999845e-03
-4.733000000000000228e-03
-3.105000000000000121e-03
-1.056999999999999997e-03
-8.329999999999999731e-04
-1.167000000000000069e-03
-1.147999999999999932e-03
-1.137999999999999906e-03
-2.005999999999999971e-03
-3.060999999999999919e-03
-3.109999999999999917e-03
-2.892000000000000039e-03
-2.406000000000000152e-03
-1.309999999999999967e-03
-8.210000000000000067e-04
-8.399999999999999535e-05
7.709999999999999840e-04
4.979999999999999618e-04
-7.540000000000000044e-04
-1.219999999999999947e-03
-1.064999999999999974e-03
-1.054000000000000032e-03
-1.108000000000000044e-03
-7.240000000000000342e-04
5.270000000000000162e-04
1.739000000000000094e-03
2.713999999999999833e-03
3.057999999999999954e-03
3.976999999999999633e-03
5.112000000000000224e-03
6.261000000000000072e-03
5.976000000000000409e-03
4.700000000000000185e-03
4.440000000000000370e-03
4.675000000000000336e-03
4.694000000000000256e-03
4.669999999999999672e-03
4.802999999999999978e-03
5.562000000000000104e-03
5.547999999999999980e-03
4.438000000000000105e-03
3.599999999999999901e-03
3.746000000000000198e-03
3.170000000000000075e-03
2.811999999999999830e-03
2.694000000000000214e-03
1.624000000000000010e-03
9.190000000000000035e-04
1.046000000000000055e-03
1.168999999999999900e-03
1.142000000000000003e-03
1.183000000000000024e-03
1.234000000000000071e-03
6.660000000000000338e-04
-5.220000000000000031e-04
-8.180000000000000422e-04
-6.099999999999999737e-04
-5.699999999999999772e-04
-5.820000000000000520e-04
-5.140000000000000254e-04
-5.720000000000000258e-04
-1.374000000000000004e-03
-1.500000000000000031e-03
-1.856000000000000011e-03
-2.393000000000000162e-03
-2.386999999999999799e-03
-2.230000000000000211e-03
-2.184999999999999876e-03
-2.178999999999999947e-03
-1.681999999999999901e-03
-4.200000000000000174e-04
7.479999999999999670e-04
1.595999999999999979e-03
1.991000000000000148e-03
3.030000000000000141e-03
3.706000000000000093e-03
3.542000000000000010e-03
2.635999999999999888e-03
1.541999999999999968e-03
3.989999999999999949e-04
-6.419999999999999925e-04
-1.704000000000000003e-03
-1.968000000000000131e-03
-9.169999999999999549e-04
1.589999999999999888e-04
2.020000000000000040e-04
5.399999999999999798e-05
1.060000000000000016e-04
2.500000000000000052e-04
1.154999999999999994e-03
2.102999999999999835e-03
2.161999999999999859e-03
2.010000000000000068e-03
1.423000000000000003e-03
4.270000000000000249e-04
4.300000000000000165e-05
-8.610000000000000032e-04
-1.618000000000000081e-03
-1.579000000000000108e-03
-1.418999999999999906e-03
-1.350999999999999987e-03
-1.520000000000000084e-03
-2.592999999999999819e-03
-3.357999999999999874e-03
-3.258000000000000045e-03
-3.044999999999999964e-03
-2.033999999999999784e-03
-2.400000000000000061e-05
9.590000000000000000e-04
8.130000000000000291e-04
6.740000000000000114e-04
-5.000000000000000409e-06
-1.018999999999999941e-03
-1.410000000000000012e-03
-2.373999999999999808e-03
-3.520000000000000125e-03
-4.566999999999999879e-03
-5.530000000000000193e-03
-5.431000000000000064e-03
-4.263000000000000296e-03
-2.939999999999999905e-03
-2.425000000000000072e-03
-1.807000000000000012e-03
-7.280000000000000230e-04
-2.849999999999999886e-04
6.300000000000000261e-04
1.407000000000000048e-03
1.412999999999999977e-03
1.217999999999999899e-03
3.249999999999999851e-04
-8.530000000000000256e-04
-1.624999999999999925e-03
-9.340000000000000429e-04
3.919999999999999873e-04
1.422000000000000087e-03
1.561000000000000104e-03
1.459999999999999926e-03
1.575999999999999927e-03
1.675000000000000057e-03
1.670000000000000043e-03
1.667000000000000079e-03
1.685999999999999999e-03
1.698000000000000074e-03
1.701999999999999954e-03
1.301999999999999989e-03
7.249999999999999500e-04
1.366000000000000027e-03
8.779999999999999827e-04
-1.203000000000000076e-03
-2.200999999999999832e-03
-1.981000000000000122e-03
-2.955000000000000161e-03
-5.317999999999999811e-03
-5.729999999999999850e-03
-3.380000000000000192e-03
-1.492999999999999969e-03
-1.611000000000000019e-03
-1.899999999999999996e-03
-1.804000000000000048e-03
-1.711000000000000064e-03
-1.694999999999999892e-03
-1.696000000000000025e-03
-1.677000000000000105e-03
-1.623000000000000094e-03
-1.600999999999999993e-03
-1.606000000000000006e-03
-1.608999999999999970e-03
-1.605000000000000090e-03
-1.219999999999999947e-03
4.970000000000000459e-04
2.216000000000000088e-03
3.272999999999999868e-03
4.831000000000000225e-03
4.917999999999999629e-03
4.081999999999999691e-03
4.003999999999999747e-03
4.135999999999999920e-03
3.318999999999999902e-03
2.178999999999999947e-03
2.052000000000000005e-03
2.237999999999999972e-03
2.278000000000000077e-03
2.918000000000000021e-03
3.950999999999999651e-03
3.360999999999999838e-03
2.243000000000000202e-03
2.167000000000000089e-03
2.357999999999999853e-03
2.324999999999999810e-03
2.272999999999999847e-03
2.276999999999999944e-03
2.273999999999999980e-03
1.948999999999999995e-03
8.559999999999999901e-04
3.139999999999999888e-04
5.100000000000000366e-04
1.469999999999999953e-03
2.426999999999999904e-03
2.126999999999999984e-03
7.799999999999999859e-04
2.329999999999999986e-04
3.840000000000000097e-04
-2.739999999999999923e-04
-5.230000000000000274e-04
-8.080000000000000160e-04
-1.422000000000000087e-03
-9.380000000000000317e-04
3.550000000000000096e-04
6.509999999999999945e-04
4.180000000000000230e-04
3.780000000000000265e-04
-1.999999999999999909e-06
-1.167000000000000069e-03
-1.642000000000000013e-03
-1.490000000000000005e-03
-1.451000000000000033e-03
-1.518000000000000035e-03
-1.539000000000000003e-03
-1.541000000000000052e-03
-1.502000000000000080e-03
-1.425999999999999967e-03
-1.250000000000000026e-03
-2.620000000000000258e-04
1.110000000000000011e-04
-6.120000000000000223e-04
-7.249999999999999500e-04
-1.309999999999999967e-03
-1.652999999999999955e-03
-1.828999999999999897e-03
-3.226999999999999834e-03
-5.106000000000000295e-03
-5.538000000000000388e-03
-5.379000000000000101e-03
-6.289000000000000319e-03
-7.233999999999999979e-03
-7.603000000000000383e-03
-8.148000000000000728e-03
-7.473999999999999741e-03
-6.128999999999999899e-03
-5.202000000000000027e-03
-4.939999999999999947e-03
-3.582000000000000114e-03
-1.711000000000000064e-03
-6.019999999999999961e-04
1.049999999999999935e-03
2.269999999999999882e-03
2.240999999999999936e-03
2.036000000000000049e-03
2.063000000000000164e-03
2.113999999999999994e-03
2.164000000000000125e-03
2.194000000000000204e-03
2.178999999999999947e-03
2.155999999999999930e-03
2.141000000000000108e-03
2.148000000000000170e-03
2.138000000000000143e-03
2.129999999999999949e-03
2.710000000000000169e-03
5.049999999999999802e-03
6.257999999999999674e-03
5.191999999999999567e-03
3.121000000000000076e-03
2.027999999999999855e-03
2.129999999999999949e-03
2.302999999999999926e-03
2.256999999999999892e-03
2.213000000000000123e-03
2.210000000000000159e-03
2.197999999999999867e-03
2.177999999999999815e-03
2.197000000000000168e-03
2.279000000000000210e-03
2.298999999999999828e-03
2.265999999999999785e-03
2.242000000000000069e-03
2.227999999999999946e-03
2.209000000000000026e-03
2.122999999999999887e-03
7.150000000000000322e-04
-1.389000000000000044e-03
-1.737999999999999962e-03
-1.353999999999999952e-03
-1.320999999999999909e-03
-1.405999999999999915e-03
-1.394999999999999973e-03
-1.333999999999999899e-03
-1.255000000000000039e-03
-1.219000000000000031e-03
-1.222999999999999912e-03
-1.224999999999999960e-03
-1.304999999999999953e-03
-2.046000000000000076e-03
-1.943000000000000066e-03
-1.165999999999999936e-03
-1.064999999999999974e-03
-1.180000000000000059e-03
-1.085999999999999943e-03
-9.890000000000000787e-04
-9.890000000000000787e-04
-9.929999999999999591e-04
-9.560000000000000355e-04
-9.539999999999999869e-04
-1.624000000000000010e-03
-1.825000000000000016e-03
-1.734999999999999997e-03
-1.217999999999999899e-03
-7.259999999999999743e-04
-7.420000000000000380e-04
-1.541999999999999968e-03
-2.583999999999999925e-03
-3.595999999999999804e-03
-4.086000000000000222e-03
-3.889000000000000096e-03
-3.658999999999999926e-03
-2.749000000000000141e-03
-9.300000000000000541e-04
-5.599999999999999916e-05
-1.890000000000000133e-04
3.240000000000000150e-04
2.124000000000000020e-03
3.331999999999999892e-03
3.481000000000000153e-03
4.283999999999999614e-03
4.890000000000000249e-03
4.739000000000000157e-03
3.912999999999999812e-03
3.043999999999999831e-03
2.994000000000000133e-03
3.116999999999999979e-03
3.069999999999999812e-03
2.961999999999999789e-03
2.350000000000000092e-03
2.333000000000000004e-03
3.013000000000000053e-03
3.504000000000000170e-03
4.316000000000000392e-03
4.602000000000000188e-03
4.309999999999999595e-03
3.418000000000000031e-03
2.789999999999999945e-03
2.804000000000000069e-03
2.854000000000000200e-03
2.784000000000000016e-03
2.729999999999999788e-03
2.713999999999999833e-03
2.700000000000000143e-03
2.671000000000000197e-03
2.629999999999999959e-03
2.612000000000000172e-03
2.402000000000000055e-03
1.523000000000000048e-03
9.979999999999999722e-04
1.021999999999999905e-03
4.910000000000000085e-04
-2.660000000000000146e-04
-3.449999999999999833e-04
-2.359999999999999902e-04
-7.129999999999999836e-04
-1.567999999999999949e-03
-1.833999999999999910e-03
-2.364999999999999915e-03
-2.863999999999999792e-03
-3.177000000000000136e-03
-3.817000000000000080e-03
-3.955000000000000182e-03
-3.756999999999999923e-03
-3.658999999999999926e-03
-3.614000000000000025e-03
-3.563000000000000195e-03
-3.989999999999999623e-03
-4.593999999999999993e-03
-4.377999999999999947e-03
-3.419000000000000164e-03
-2.922999999999999817e-03
-2.876999999999999783e-03
-2.272000000000000148e-03
-1.698999999999999989e-03
-2.276999999999999944e-03
-2.739000000000000115e-03
-2.585000000000000058e-03
-2.426000000000000205e-03
-2.389000000000000064e-03
-2.322999999999999978e-03
-2.213000000000000123e-03
-2.122000000000000188e-03
-2.041999999999999978e-03
-1.946000000000000030e-03
-1.871000000000000050e-03
-1.990000000000000015e-03
-2.298000000000000129e-03
-2.211999999999999991e-03
-2.459999999999999947e-03
-2.566999999999999837e-03
-2.093999999999999941e-03
-7.510000000000000399e-04
-3.000000000000000076e-05
-1.379999999999999933e-04
-9.299999999999999727e-05
1.020000000000000073e-03
1.991000000000000148e-03
1.931999999999999907e-03
1.742999999999999975e-03
1.796000000000000070e-03
2.180000000000000080e-03
2.093999999999999941e-03
1.673999999999999924e-03
1.608000000000000054e-03
1.941999999999999933e-03
2.044999999999999943e-03
1.619999999999999912e-03
1.454999999999999913e-03
1.500999999999999947e-03
1.495000000000000018e-03
1.443000000000000055e-03
1.399000000000000070e-03
1.361000000000000014e-03
1.474999999999999966e-03
1.920999999999999965e-03
2.062000000000000031e-03
1.879000000000000028e-03
1.423000000000000003e-03
1.057999999999999913e-03
1.016999999999999892e-03
7.940000000000000009e-04
6.700000000000000226e-05
-3.719999999999999891e-04
1.299999999999999920e-05
3.759999999999999779e-04
1.740000000000000010e-04
-8.200000000000000095e-05
2.039999999999999984e-04
5.890000000000000053e-04
4.739999999999999747e-04
5.800000000000000034e-05
-2.900000000000000017e-04
-3.579999999999999741e-04
-3.080000000000000055e-04
-2.939999999999999905e-04
-2.939999999999999905e-04
-2.900000000000000017e-04
-4.429999999999999802e-04
-7.219999999999999855e-04
-9.610000000000000486e-04
-1.095000000000000053e-03
-1.041999999999999958e-03
-9.579999999999999757e-04
-9.039999999999999642e-04
-8.429999999999999993e-04
-7.699999999999999597e-04
-7.079999999999999705e-04
-6.560000000000000076e-04
-4.820000000000000066e-04
-8.899999999999999491e-05
1.700000000000000122e-04
1.610000000000000103e-04
1.310000000000000129e-04
2.339999999999999958e-04
3.060000000000000111e-04
1.740000000000000010e-04
1.219999999999999974e-04
1.499999999999999869e-04
1.550000000000000000e-04
1.459999999999999981e-04
1.430000000000000064e-04
1.430000000000000064e-04
1.410000000000000120e-04
1.420000000000000092e-04
1.499999999999999869e-04
1.510000000000000112e-04
1.459999999999999981e-04
1.210000000000000002e-04
1.299999999999999920e-05
-4.600000000000000004e-05
-1.800000000000000046e-05
7.200000000000000182e-05
1.540000000000000028e-04
1.559999999999999972e-04
2.020000000000000040e-04
3.579999999999999741e-04
3.939999999999999817e-04
3.409999999999999945e-04
3.060000000000000111e-04
2.860000000000000129e-04
2.620000000000000258e-04
2.039999999999999984e-04
1.379999999999999933e-04
1.499999999999999869e-04
1.299999999999999886e-04
6.499999999999999431e-05
1.099999999999999971e-05
-9.999999999999999547e-07
1.999999999999999909e-06
-0.000000000000000000e+00
-3.000000000000000076e-06
-3.999999999999999819e-06
-6.000000000000000152e-06
-9.000000000000000228e-06
-1.099999999999999971e-05
-1.399999999999999979e-05
-1.500000000000000038e-05
-3.000000000000000076e-05
-4.800000000000000122e-05
-4.500000000000000283e-05
-2.199999999999999943e-05
-2.000000000000000164e-05
-2.900000000000000017e-05
-2.199999999999999943e-05
-2.699999999999999899e-05
-3.699999999999999811e-05
-3.499999999999999693e-05
-3.199999999999999855e-05
-2.400000000000000061e-05
-1.699999999999999987e-05
-1.699999999999999987e-05
-1.900000000000000105e-05
-2.000000000000000164e-05
-2.000000000000000164e-05
-2.199999999999999943e-05
-2.500000000000000120e-05
-2.699999999999999899e-05
-2.599999999999999840e-05
-2.599999999999999840e-05
-2.599999999999999840e-05
-2.300000000000000002e-05
-2.199999999999999943e-05
-2.199999999999999943e-05
-2.000000000000000164e-05
-1.800000000000000046e-05
-1.699999999999999987e-05
-1.599999999999999928e-05
-1.399999999999999979e-05
-1.399999999999999979e-05
-1.299999999999999920e-05
-1.200000000000000030e-05
-1.099999999999999971e-05
-1.000000000000000082e-05
-1.000000000000000082e-05
-9.000000000000000228e-06
-7.999999999999999638e-06
-6.999999999999999895e-06
-6.999999999999999895e-06
-6.000000000000000152e-06
-6.000000000000000152e-06
-6.000000000000000152e-06
-5.000000000000000409e-06
-3.999999999999999819e-06
-3.999999999999999819e-06
-3.000000000000000076e-06
-1.999999999999999909e-06
-1.999999999999999909e-06
-1.999999999999999909e-06
-9.999999999999999547e-07
-9.999999999999999547e-07
