-3.029000000000000008e-03
-3.008999999999999956e-03
-2.984000000000000107e-03
-2.964000000000000055e-03
-2.939000000000000206e-03
-2.919000000000000154e-03
-2.893999999999999871e-03
-2.858999999999999996e-03
-2.804000000000000069e-03
-2.739000000000000115e-03
-2.674000000000000161e-03
-2.609000000000000208e-03
-2.569000000000000103e-03
-2.583999999999999925e-03
-2.668999999999999932e-03
-2.838999999999999944e-03
-3.049000000000000061e-03
-3.168999999999999942e-03
-3.134000000000000067e-03
-2.998999999999999930e-03
-2.729000000000000089e-03
-2.299999999999999961e-03
-1.704999999999999918e-03
-1.044999999999999922e-03
-7.450000000000000025e-04
-1.240000000000000000e-03
-2.944000000000000002e-03
-6.169000000000000004e-03
-9.712999999999999412e-03
-1.185800000000000048e-02
-1.242300000000000001e-02
-1.166799999999999955e-02
-9.657999999999999918e-03
-6.298999999999999912e-03
-1.979999999999999989e-03
1.680000000000000070e-03
3.233999999999999896e-03
1.619999999999999912e-03
-3.589000000000000176e-03
-9.752999999999999517e-03
-1.189800000000000059e-02
-7.278999999999999880e-03
2.405000000000000020e-03
1.303200000000000018e-02
1.948099999999999832e-02
1.769599999999999992e-02
8.847999999999999962e-03
-3.824000000000000142e-03
-1.653699999999999962e-02
-2.538999999999999937e-02
-2.726500000000000104e-02
-2.324999999999999983e-02
-1.245800000000000032e-02
9.927999999999999325e-03
2.599999999999999881e-02
2.386999999999999886e-02
1.534199999999999973e-02
1.610000000000000103e-03
-1.704699999999999965e-02
-3.160400000000000015e-02
-3.956699999999999801e-02
-4.281100000000000183e-02
-3.868699999999999917e-02
-2.767400000000000068e-02
-1.018799999999999914e-02
1.670200000000000157e-02
4.573599999999999888e-02
6.413699999999999957e-02
7.227100000000000191e-02
7.674999999999999878e-02
7.654500000000000193e-02
7.045099999999999973e-02
5.931800000000000267e-02
4.396100000000000008e-02
2.603000000000000105e-02
8.543000000000000246e-03
-3.433999999999999986e-03
-9.338000000000000814e-03
-1.318199999999999927e-02
-2.591500000000000054e-02
-5.826800000000000035e-02
-9.687099999999999878e-02
-1.152519999999999933e-01
-1.065340000000000037e-01
-8.411299999999999333e-02
-6.211799999999999961e-02
-3.793699999999999850e-02
-1.386199999999999932e-02
-1.250000000000000026e-03
2.694000000000000214e-03
4.674000000000000203e-03
-1.770000000000000089e-03
-1.590199999999999947e-02
-1.863100000000000173e-02
-6.448999999999999871e-03
1.096800000000000032e-02
2.450499999999999901e-02
2.693500000000000061e-02
2.309500000000000094e-02
1.687699999999999964e-02
5.488999999999999956e-03
-8.437999999999999320e-03
-1.731699999999999906e-02
-1.797100000000000086e-02
-1.330699999999999938e-02
-7.773000000000000395e-03
-3.229000000000000099e-03
7.950000000000000252e-04
-2.550000000000000183e-04
-1.147300000000000056e-02
-3.100899999999999837e-02
-4.713099999999999928e-02
-4.986499999999999960e-02
-4.087199999999999861e-02
-2.751400000000000026e-02
-1.840599999999999875e-02
-1.530199999999999963e-02
-1.207800000000000019e-02
-6.473999999999999720e-03
-3.200000000000000262e-04
3.383999999999999855e-03
7.200000000000000453e-04
-6.569000000000000186e-03
-1.192799999999999937e-02
-1.343199999999999950e-02
-1.342699999999999970e-02
-1.015300000000000057e-02
-2.549000000000000050e-03
6.314000000000000168e-03
1.694199999999999873e-02
2.840399999999999869e-02
3.359800000000000286e-02
3.182399999999999812e-02
2.894899999999999904e-02
2.699999999999999969e-02
2.076599999999999974e-02
6.849000000000000053e-03
-7.557999999999999614e-03
-1.564199999999999965e-02
-1.708199999999999996e-02
-1.439200000000000028e-02
-8.573000000000000759e-03
-4.350000000000000026e-04
5.963999999999999684e-03
7.258999999999999828e-03
8.050000000000000515e-04
-1.086799999999999919e-02
-2.476000000000000076e-02
-4.082199999999999718e-02
-5.016500000000000126e-02
-4.864999999999999880e-02
-4.313600000000000073e-02
-3.613800000000000345e-02
-2.864900000000000085e-02
-1.131799999999999994e-02
2.407000000000000112e-02
5.698899999999999799e-02
7.525500000000000245e-02
8.810199999999999976e-02
9.990000000000000269e-02
1.068790000000000018e-01
9.869500000000000495e-02
8.434800000000000630e-02
8.392800000000000260e-02
9.244199999999999640e-02
9.981500000000000095e-02
1.099679999999999963e-01
1.240099999999999952e-01
1.369579999999999964e-01
1.453010000000000135e-01
1.513249999999999873e-01
1.586780000000000135e-01
1.613930000000000087e-01
1.514000000000000068e-01
1.353129999999999888e-01
1.233000000000000068e-01
1.126370000000000010e-01
9.146200000000000163e-02
6.304700000000000581e-02
4.393600000000000283e-02
3.844199999999999701e-02
4.316600000000000298e-02
5.507399999999999796e-02
7.587000000000000688e-02
1.041040000000000021e-01
1.272949999999999915e-01
1.375170000000000003e-01
1.354779999999999873e-01
1.225149999999999989e-01
1.006500000000000034e-01
6.354700000000000626e-02
1.723699999999999885e-02
-1.685199999999999892e-02
-3.865699999999999692e-02
-5.531900000000000012e-02
-5.816299999999999942e-02
-4.625599999999999851e-02
-3.369799999999999879e-02
-2.708500000000000144e-02
-2.504500000000000129e-02
-2.876899999999999943e-02
-4.211700000000000166e-02
-6.869100000000000206e-02
-1.038140000000000035e-01
-1.382520000000000138e-01
-1.672770000000000090e-01
-1.893569999999999975e-01
-2.078879999999999895e-01
-2.317839999999999900e-01
-2.585029999999999828e-01
-2.737899999999999778e-01
-2.784090000000000176e-01
-2.820739999999999914e-01
-2.782040000000000068e-01
-2.564939999999999998e-01
-2.193809999999999927e-01
-1.712309999999999943e-01
-1.066539999999999988e-01
-3.561299999999999882e-02
2.026100000000000123e-02
6.191800000000000082e-02
9.778499999999999692e-02
1.292389999999999928e-01
1.526289999999999869e-01
1.644069999999999976e-01
1.689110000000000056e-01
1.702210000000000112e-01
1.709009999999999974e-01
1.676860000000000017e-01
1.532689999999999886e-01
1.314190000000000080e-01
1.008300000000000030e-01
6.172799999999999815e-02
3.045899999999999996e-02
9.083000000000000795e-03
-1.036300000000000068e-02
-2.830399999999999930e-02
-4.492100000000000259e-02
-6.167299999999999865e-02
-8.056399999999999673e-02
-1.018949999999999995e-01
-1.210559999999999969e-01
-1.347279999999999867e-01
-1.483450000000000046e-01
-1.698310000000000097e-01
-1.941960000000000075e-01
-2.072440000000000115e-01
-2.074729999999999908e-01
-2.019450000000000134e-01
-1.876569999999999905e-01
-1.618479999999999919e-01
-1.325679999999999914e-01
-1.071389999999999981e-01
-7.861400000000000332e-02
-3.159900000000000209e-02
2.941399999999999917e-02
8.762200000000000544e-02
1.328080000000000094e-01
1.503099999999999992e-01
1.395619999999999916e-01
1.171269999999999950e-01
9.663099999999999468e-02
9.330099999999999505e-02
1.083080000000000015e-01
1.216460000000000041e-01
1.218309999999999949e-01
1.097980000000000067e-01
8.629799999999999971e-02
5.728400000000000158e-02
2.795900000000000121e-02
-2.255000000000000060e-03
-3.372800000000000104e-02
-6.797100000000000364e-02
-1.041890000000000038e-01
-1.400520000000000098e-01
-1.757350000000000023e-01
-2.106580000000000119e-01
-2.422320000000000029e-01
-2.627720000000000056e-01
-2.670620000000000216e-01
-2.567189999999999750e-01
-2.195360000000000089e-01
-1.375220000000000053e-01
-2.088599999999999832e-02
9.701100000000000001e-02
1.792040000000000022e-01
2.184460000000000013e-01
2.431909999999999905e-01
2.591080000000000050e-01
2.391169999999999962e-01
1.811490000000000045e-01
1.169520000000000004e-01
6.077799999999999869e-02
6.229000000000000162e-03
-4.317100000000000104e-02
-7.269499999999999573e-02
-7.497499999999999998e-02
-5.177500000000000158e-02
-1.944999999999999897e-03
6.359199999999999575e-02
1.155469999999999969e-01
1.356080000000000063e-01
1.272949999999999915e-01
1.094529999999999947e-01
1.047040000000000054e-01
1.152269999999999961e-01
1.223159999999999942e-01
1.059289999999999954e-01
7.774399999999999367e-02
6.821099999999999386e-02
7.529500000000000082e-02
7.976900000000000657e-02
6.779599999999999516e-02
2.942399999999999877e-02
-3.193900000000000211e-02
-1.007350000000000051e-01
-1.609379999999999977e-01
-1.944059999999999955e-01
-2.004299999999999971e-01
-1.966759999999999897e-01
-1.800289999999999946e-01
-1.438760000000000039e-01
-1.134369999999999962e-01
-1.134320000000000050e-01
-1.441060000000000119e-01
-1.937810000000000088e-01
-2.478599999999999970e-01
-2.873680000000000123e-01
-3.014350000000000085e-01
-2.906020000000000270e-01
-2.330679999999999974e-01
-1.377520000000000133e-01
-5.229999999999999927e-02
2.198599999999999860e-02
1.009199999999999958e-01
1.678409999999999902e-01
2.010850000000000137e-01
1.863930000000000031e-01
1.351179999999999881e-01
8.906200000000000228e-02
6.390200000000000047e-02
4.490600000000000147e-02
3.036399999999999863e-02
2.464999999999999830e-02
2.867899999999999963e-02
4.387599999999999834e-02
6.977099999999999969e-02
1.166070000000000023e-01
1.767749999999999877e-01
2.143170000000000075e-01
2.217659999999999909e-01
2.083280000000000132e-01
1.631620000000000015e-01
9.452099999999999391e-02
2.915900000000000089e-02
-2.772900000000000018e-02
-6.674199999999999577e-02
-7.542000000000000093e-02
-5.268400000000000166e-02
1.988099999999999937e-02
1.218209999999999987e-01
1.801840000000000108e-01
1.813339999999999952e-01
1.487050000000000038e-01
8.494799999999999573e-02
1.627699999999999980e-02
-2.452500000000000166e-02
-3.302299999999999680e-02
-1.708700000000000149e-02
1.879999999999999944e-03
-5.099000000000000234e-03
-3.948700000000000127e-02
-6.317200000000000593e-02
-5.697399999999999687e-02
-3.567800000000000138e-02
-9.733000000000000332e-03
2.913999999999999924e-03
-5.983999999999999736e-03
-1.313699999999999937e-02
-4.083999999999999957e-03
1.282699999999999986e-02
2.790400000000000172e-02
2.646000000000000088e-02
-3.800000000000000209e-04
-3.525799999999999768e-02
-6.158299999999999885e-02
-8.355799999999999339e-02
-1.057239999999999985e-01
-1.253549999999999942e-01
-1.371080000000000076e-01
-1.409269999999999967e-01
-1.396719999999999906e-01
-1.348580000000000056e-01
-1.240399999999999975e-01
-1.056890000000000052e-01
-8.271799999999999986e-02
-5.174999999999999739e-02
-8.552999999999999839e-03
4.564599999999999907e-02
1.073490000000000000e-01
1.636420000000000097e-01
1.969110000000000027e-01
2.046789999999999998e-01
1.991749999999999909e-01
1.869030000000000136e-01
1.663020000000000054e-01
1.458260000000000112e-01
1.399819999999999953e-01
1.516099999999999948e-01
1.738099999999999923e-01
2.145720000000000127e-01
2.749099999999999877e-01
3.196559999999999957e-01
3.342729999999999868e-01
3.401870000000000172e-01
3.449459999999999749e-01
3.383869999999999933e-01
3.190009999999999790e-01
2.951860000000000039e-01
2.698160000000000003e-01
2.346530000000000005e-01
1.814540000000000042e-01
1.281339999999999979e-01
9.844999999999999585e-02
9.162199999999999511e-02
8.726299999999999335e-02
7.256500000000000450e-02
4.821500000000000091e-02
1.341200000000000031e-02
-1.696699999999999944e-02
-3.171399999999999914e-02
-3.570799999999999669e-02
-2.949399999999999938e-02
-1.735700000000000090e-02
-5.739000000000000178e-03
5.153999999999999727e-03
1.420199999999999935e-02
1.535199999999999933e-02
-1.940000000000000101e-03
-4.669600000000000140e-02
-1.070689999999999975e-01
-1.588880000000000015e-01
-1.941060000000000008e-01
-2.187860000000000082e-01
-2.313189999999999968e-01
-2.145720000000000127e-01
-1.651620000000000033e-01
-1.014449999999999935e-01
-3.562799999999999995e-02
1.575199999999999864e-02
3.735299999999999732e-02
3.862700000000000161e-02
2.055099999999999982e-02
-2.540999999999999856e-02
-8.698799999999999588e-02
-1.433159999999999989e-01
-1.915020000000000056e-01
-2.394469999999999932e-01
-2.819340000000000179e-01
-3.124720000000000275e-01
-3.279889999999999750e-01
-3.215959999999999930e-01
-2.923620000000000108e-01
-2.415769999999999862e-01
-1.832129999999999870e-01
-1.339780000000000137e-01
-8.927699999999999525e-02
-4.460100000000000176e-02
-1.483699999999999949e-02
-1.809099999999999944e-02
-4.739100000000000257e-02
-8.283799999999999497e-02
-1.161470000000000002e-01
-1.471359999999999890e-01
-1.699809999999999932e-01
-1.748550000000000104e-01
-1.570239999999999969e-01
-1.220559999999999978e-01
-8.352300000000000002e-02
-4.803500000000000131e-02
-1.240800000000000063e-02
1.821100000000000149e-02
3.144899999999999779e-02
2.961899999999999950e-02
2.141600000000000101e-02
7.662999999999999673e-03
-9.037999999999999159e-03
-3.011899999999999994e-02
-5.909299999999999969e-02
-9.689599999999999602e-02
-1.451959999999999917e-01
-1.884820000000000106e-01
-2.162519999999999998e-01
-2.412370000000000070e-01
-2.612630000000000230e-01
-2.611330000000000040e-01
-2.362430000000000085e-01
-1.910020000000000051e-01
-1.333129999999999871e-01
-6.972100000000000519e-02
-1.990000000000000015e-03
5.451899999999999802e-02
7.453999999999999515e-02
5.810799999999999993e-02
2.800899999999999918e-02
9.587999999999999301e-03
1.257199999999999984e-02
2.757899999999999935e-02
4.076699999999999768e-02
4.431100000000000316e-02
3.532300000000000023e-02
1.505199999999999941e-02
-6.088999999999999795e-03
-1.268200000000000056e-02
8.208000000000000018e-03
5.920299999999999868e-02
1.171119999999999939e-01
1.575729999999999908e-01
1.867779999999999996e-01
2.137370000000000103e-01
2.377170000000000116e-01
2.576780000000000181e-01
2.712809999999999944e-01
2.684659999999999824e-01
2.289190000000000114e-01
1.511299999999999866e-01
6.434700000000000142e-02
-6.674000000000000245e-03
-7.197099999999999331e-02
-1.369829999999999937e-01
-1.597079999999999889e-01
-1.165469999999999978e-01
-3.616300000000000070e-02
5.471899999999999681e-02
1.302290000000000114e-01
1.678310000000000080e-01
1.784989999999999910e-01
1.698209999999999997e-01
1.419020000000000004e-01
1.174270000000000036e-01
1.135219999999999979e-01
1.080880000000000035e-01
8.750700000000000145e-02
6.367699999999999749e-02
3.084900000000000142e-02
-1.058300000000000039e-02
-4.214199999999999890e-02
-4.984999999999999848e-02
-3.159399999999999709e-02
4.274000000000000021e-03
3.774199999999999777e-02
3.943200000000000177e-02
1.234299999999999981e-02
-2.067599999999999993e-02
-5.597400000000000292e-02
-8.756700000000000594e-02
-1.056239999999999957e-01
-1.032440000000000024e-01
-8.594300000000000550e-02
-6.319199999999999817e-02
-2.468000000000000055e-02
2.460000000000000034e-02
4.747599999999999737e-02
4.729099999999999970e-02
6.583700000000000663e-02
9.754500000000000670e-02
1.003450000000000036e-01
6.744200000000000195e-02
1.201799999999999917e-02
-4.682599999999999957e-02
-4.861000000000000043e-02
2.738000000000000156e-02
1.228449999999999959e-01
1.900820000000000010e-01
2.150120000000000087e-01
1.898420000000000107e-01
1.239900000000000030e-01
6.539200000000000568e-02
4.388600000000000140e-02
3.438800000000000190e-02
-4.354000000000000231e-03
-7.359999999999999876e-02
-1.313539999999999985e-01
-1.650169999999999970e-01
-1.835430000000000117e-01
-1.817439999999999889e-01
-1.690260000000000096e-01
-1.390069999999999917e-01
-6.908100000000000351e-02
-2.180000000000000080e-03
2.610000000000000167e-02
4.013699999999999907e-02
3.978199999999999792e-02
1.590700000000000100e-02
-2.600999999999999840e-02
-7.909900000000000264e-02
-1.122729999999999978e-01
-1.060790000000000066e-01
-6.709199999999999886e-02
-1.127300000000000003e-02
3.596799999999999997e-02
8.031900000000000150e-02
1.258900000000000019e-01
1.422470000000000123e-01
1.200959999999999944e-01
7.537499999999999756e-02
1.197299999999999927e-02
-5.767300000000000204e-02
-1.139470000000000066e-01
-1.413770000000000027e-01
-1.319790000000000130e-01
-1.068289999999999934e-01
-7.704500000000000237e-02
-3.449300000000000282e-02
1.062300000000000050e-02
3.114899999999999960e-02
1.315200000000000050e-02
-2.072600000000000137e-02
-4.539100000000000079e-02
-5.254899999999999849e-02
-5.401899999999999757e-02
-8.011400000000000465e-02
-1.241649999999999976e-01
-1.453510000000000080e-01
-1.267949999999999910e-01
-8.978700000000000570e-02
-7.170600000000000585e-02
-8.900700000000000278e-02
-1.167119999999999963e-01
-1.273249999999999937e-01
-1.198759999999999964e-01
-9.738600000000000034e-02
-6.510699999999999821e-02
-4.843499999999999889e-02
-6.600699999999999623e-02
-9.091200000000000669e-02
-8.540300000000000669e-02
-5.605899999999999772e-02
-2.930400000000000019e-02
-1.115299999999999972e-02
4.023999999999999799e-03
1.380699999999999983e-02
1.493700000000000062e-02
2.219099999999999892e-02
4.446599999999999858e-02
7.459999999999999964e-02
1.009800000000000003e-01
1.026640000000000053e-01
8.812699999999999700e-02
8.127900000000000402e-02
7.861400000000000332e-02
8.528800000000000270e-02
1.117829999999999935e-01
1.451409999999999922e-01
1.677609999999999935e-01
1.663519999999999999e-01
1.412170000000000092e-01
1.088230000000000031e-01
8.184400000000000008e-02
6.167299999999999865e-02
4.238200000000000300e-02
3.223899999999999683e-02
4.127700000000000119e-02
5.489399999999999835e-02
6.316700000000000093e-02
6.914099999999999413e-02
5.389900000000000246e-02
1.468200000000000061e-02
-1.803599999999999995e-02
-2.323000000000000065e-02
-2.079999999999999818e-03
2.760400000000000006e-02
5.837300000000000127e-02
8.588300000000000101e-02
9.379600000000000437e-02
8.040899999999999437e-02
6.172300000000000009e-02
3.461299999999999794e-02
-9.768000000000000640e-03
-4.684599999999999875e-02
-6.036799999999999805e-02
-6.313199999999999368e-02
-5.399400000000000033e-02
-3.098899999999999919e-02
-4.359000000000000027e-03
2.134099999999999886e-02
4.452600000000000308e-02
6.329700000000000604e-02
7.963399999999999646e-02
9.725599999999999523e-02
1.147220000000000045e-01
1.300439999999999929e-01
1.449310000000000043e-01
1.437609999999999999e-01
1.102179999999999965e-01
5.878799999999999998e-02
1.423199999999999986e-02
-1.140299999999999994e-02
-9.627999999999999406e-03
1.110300000000000002e-02
2.752399999999999985e-02
3.983699999999999741e-02
5.809799999999999687e-02
8.169400000000000273e-02
1.000899999999999984e-01
9.480600000000000138e-02
6.618699999999999584e-02
2.378999999999999865e-02
-2.554999999999999979e-02
-6.327699999999999991e-02
-8.313800000000000356e-02
-8.825199999999999712e-02
-7.705499999999999849e-02
-5.905799999999999939e-02
-4.406600000000000100e-02
-3.082400000000000070e-02
-1.657199999999999993e-02
-8.199999999999999824e-04
1.998099999999999876e-02
4.235200000000000076e-02
3.776199999999999696e-02
-5.550000000000000462e-04
-3.601300000000000334e-02
-5.194000000000000006e-02
-4.502099999999999852e-02
-1.376199999999999993e-02
1.774600000000000136e-02
4.005199999999999733e-02
5.420900000000000024e-02
4.688099999999999906e-02
2.678000000000000172e-02
1.037800000000000007e-02
-3.033999999999999805e-03
-1.164800000000000037e-02
-1.578200000000000089e-02
-2.170100000000000154e-02
-3.111900000000000083e-02
-3.384299999999999808e-02
-2.408000000000000071e-02
-9.338000000000000814e-03
2.054999999999999969e-03
-1.284999999999999901e-03
-3.407299999999999912e-02
-9.657100000000000406e-02
-1.604879999999999918e-01
-2.007450000000000068e-01
-2.125470000000000137e-01
-1.869730000000000003e-01
-1.365129999999999955e-01
-8.397799999999999709e-02
-3.662800000000000084e-02
-2.050099999999999839e-02
-3.807699999999999974e-02
-5.254400000000000043e-02
-5.398900000000000227e-02
-5.273900000000000116e-02
-4.606099999999999778e-02
-3.090899999999999898e-02
-1.563200000000000006e-02
-1.464999999999999939e-03
1.658700000000000105e-02
3.307800000000000323e-02
4.153699999999999753e-02
4.133200000000000068e-02
3.094399999999999928e-02
6.524000000000000285e-03
-2.561000000000000082e-02
-5.388899999999999940e-02
-7.582500000000000351e-02
-9.050199999999999911e-02
-9.598600000000000187e-02
-9.377099999999999325e-02
-8.188900000000000345e-02
-5.554900000000000115e-02
-1.663200000000000095e-02
2.614999999999999963e-02
5.767800000000000010e-02
6.569200000000000039e-02
4.837999999999999939e-02
1.364199999999999961e-02
-2.486000000000000015e-02
-6.004799999999999721e-02
-8.511799999999999922e-02
-9.123699999999999866e-02
-8.335800000000000154e-02
-7.223599999999999466e-02
-5.454400000000000220e-02
-2.328500000000000014e-02
9.147999999999999882e-03
2.870400000000000035e-02
3.383800000000000002e-02
2.993900000000000033e-02
2.021600000000000133e-02
7.893000000000000710e-03
8.097999999999999296e-03
2.745999999999999830e-02
4.712100000000000316e-02
4.821500000000000091e-02
3.135399999999999993e-02
9.858000000000000443e-03
2.230000000000000211e-03
1.764100000000000043e-02
5.170999999999999902e-02
8.456299999999999928e-02
9.046200000000000074e-02
7.239099999999999702e-02
6.540200000000000180e-02
8.283799999999999497e-02
1.018300000000000038e-01
9.998500000000000443e-02
6.762600000000000555e-02
2.377999999999999906e-02
-3.069000000000000113e-03
-1.399199999999999923e-02
-2.089099999999999985e-02
-2.703500000000000000e-02
-3.138900000000000023e-02
-3.166900000000000270e-02
-2.786900000000000141e-02
-2.075099999999999861e-02
-9.452999999999999597e-03
7.448999999999999892e-03
3.278299999999999964e-02
5.749300000000000244e-02
6.822100000000000386e-02
6.500200000000000422e-02
4.962500000000000244e-02
2.475000000000000117e-02
-3.253999999999999948e-03
-3.583800000000000180e-02
-6.351199999999999901e-02
-6.425699999999999468e-02
-3.018399999999999903e-02
2.112100000000000088e-02
4.928500000000000242e-02
4.832999999999999796e-02
3.383800000000000002e-02
3.444000000000000013e-03
-1.860099999999999948e-02
-1.285200000000000058e-02
1.026299999999999955e-02
3.193900000000000211e-02
2.605000000000000024e-02
-1.001299999999999933e-02
-4.153199999999999947e-02
-3.723300000000000221e-02
-5.994000000000000196e-03
2.551499999999999949e-02
4.151200000000000029e-02
4.000700000000000089e-02
2.119100000000000150e-02
-8.692999999999999339e-03
-3.414799999999999780e-02
-4.799500000000000294e-02
-5.199000000000000149e-02
-4.803000000000000325e-02
-3.757200000000000123e-02
-2.364000000000000129e-02
-9.348000000000000406e-03
3.849999999999999798e-04
-1.520000000000000084e-03
-1.862099999999999866e-02
-4.048199999999999715e-02
-5.195500000000000118e-02
-5.285900000000000321e-02
-5.007000000000000339e-02
-4.484099999999999892e-02
-3.638799999999999674e-02
-2.697499999999999898e-02
-1.905600000000000002e-02
-9.738000000000000128e-03
1.328200000000000040e-02
5.358899999999999775e-02
9.367100000000000426e-02
1.167519999999999947e-01
1.243299999999999961e-01
1.256549999999999889e-01
1.257550000000000057e-01
1.235050000000000037e-01
1.173820000000000002e-01
1.102080000000000004e-01
1.040190000000000003e-01
9.719600000000000461e-02
8.743800000000000183e-02
7.591499999999999637e-02
6.763600000000000168e-02
5.885300000000000253e-02
4.064700000000000257e-02
1.446199999999999916e-02
-1.749600000000000113e-02
-5.467400000000000038e-02
-8.505799999999999472e-02
-1.001100000000000045e-01
-1.037539999999999990e-01
-1.030739999999999990e-01
-1.105479999999999935e-01
-1.297190000000000010e-01
-1.442610000000000003e-01
-1.420269999999999866e-01
-1.275489999999999957e-01
-1.020950000000000052e-01
-5.542899999999999910e-02
-3.918999999999999741e-03
1.874599999999999878e-02
2.017599999999999949e-02
2.226600000000000107e-02
3.171399999999999914e-02
5.368400000000000255e-02
7.710000000000000187e-02
8.310299999999999632e-02
7.510999999999999621e-02
6.344199999999999839e-02
4.623100000000000126e-02
2.656000000000000028e-02
1.628699999999999939e-02
1.792099999999999943e-02
1.919099999999999973e-02
1.372199999999999982e-02
7.488999999999999997e-03
-1.250000000000000026e-04
-1.560699999999999935e-02
-3.011399999999999841e-02
-3.202900000000000191e-02
-2.618499999999999994e-02
-1.707699999999999843e-02
-7.298999999999999932e-03
-5.488999999999999956e-03
-1.485700000000000041e-02
-3.276799999999999852e-02
-5.910800000000000082e-02
-8.623799999999999522e-02
-1.053690000000000043e-01
-1.130769999999999970e-01
-1.120629999999999959e-01
-1.078080000000000011e-01
-9.850000000000000422e-02
-8.579799999999999927e-02
-7.370500000000000662e-02
-6.652199999999999780e-02
-7.088099999999999956e-02
-7.388500000000000623e-02
-5.970299999999999913e-02
-4.428599999999999898e-02
-4.574099999999999694e-02
-5.419899999999999718e-02
-5.181000000000000189e-02
-3.411299999999999749e-02
-5.394000000000000357e-03
3.498300000000000021e-02
8.852200000000000346e-02
1.328779999999999961e-01
1.410069999999999935e-01
1.241899999999999948e-01
1.052789999999999976e-01
7.366000000000000325e-02
2.055099999999999982e-02
-1.888099999999999848e-02
-3.062399999999999844e-02
-3.805200000000000249e-02
-4.318600000000000216e-02
-3.632799999999999918e-02
-1.900100000000000053e-02
-1.294999999999999927e-03
1.188799999999999926e-02
2.384999999999999967e-02
3.540299999999999697e-02
4.543099999999999916e-02
4.982000000000000317e-02
4.730100000000000277e-02
4.415100000000000274e-02
4.088200000000000167e-02
2.859400000000000136e-02
9.043000000000000690e-03
-6.209000000000000109e-03
-1.214800000000000081e-02
-9.823000000000000134e-03
-9.749999999999999552e-04
6.728999999999999738e-03
3.798999999999999860e-03
-7.778000000000000191e-03
-1.969600000000000170e-02
-2.810899999999999857e-02
-3.767199999999999716e-02
-5.534900000000000236e-02
-7.923399999999999888e-02
-1.048540000000000028e-01
-1.262149999999999939e-01
-1.364829999999999932e-01
-1.407319999999999960e-01
-1.443109999999999948e-01
-1.458810000000000107e-01
-1.443659999999999943e-01
-1.394720000000000126e-01
-1.336179999999999868e-01
-1.289140000000000008e-01
-1.246450000000000058e-01
-1.201259999999999967e-01
-1.127770000000000022e-01
-1.023049999999999932e-01
-9.595099999999999463e-02
-9.644099999999999895e-02
-9.819999999999999563e-02
-9.886999999999999955e-02
-1.008550000000000002e-01
-1.017050000000000037e-01
-9.676600000000000479e-02
-8.543800000000000006e-02
-6.139300000000000312e-02
-2.588000000000000023e-02
4.189000000000000015e-03
2.688000000000000111e-02
5.034000000000000280e-02
7.256500000000000450e-02
8.961700000000000221e-02
1.008700000000000013e-01
1.001200000000000007e-01
8.739800000000000346e-02
6.995099999999999929e-02
4.555100000000000121e-02
1.657700000000000146e-02
-8.599999999999999789e-04
7.682999999999999725e-03
3.595299999999999885e-02
6.514200000000000546e-02
8.492800000000000349e-02
9.410599999999999521e-02
9.767000000000000681e-02
1.005149999999999932e-01
1.027740000000000042e-01
1.038239999999999996e-01
9.982499999999999707e-02
9.146700000000000663e-02
8.525299999999999545e-02
8.233400000000000440e-02
8.289799999999999947e-02
8.933199999999999474e-02
9.783999999999999642e-02
1.065289999999999987e-01
1.212160000000000043e-01
1.407869999999999955e-01
1.533690000000000053e-01
1.539490000000000025e-01
1.494399999999999895e-01
1.429610000000000047e-01
1.248200000000000004e-01
9.946499999999999786e-02
9.133700000000000152e-02
9.157200000000000062e-02
7.556499999999999329e-02
4.932000000000000273e-02
2.110599999999999976e-02
-9.638000000000000733e-03
-2.948900000000000132e-02
-2.554500000000000173e-02
-7.079000000000000223e-03
1.934599999999999861e-02
5.690900000000000125e-02
9.600100000000000300e-02
1.255350000000000077e-01
1.455359999999999987e-01
1.543839999999999935e-01
1.513700000000000045e-01
1.392470000000000097e-01
1.213410000000000044e-01
1.046040000000000025e-01
9.143700000000000438e-02
7.916399999999999826e-02
6.761100000000000443e-02
5.668399999999999828e-02
5.167000000000000065e-02
5.739899999999999863e-02
6.364699999999999525e-02
6.293700000000000683e-02
5.893299999999999927e-02
5.518399999999999694e-02
4.602099999999999941e-02
2.271000000000000102e-02
-8.697999999999999135e-03
-3.892199999999999827e-02
-6.386699999999999322e-02
-8.065899999999999459e-02
-9.042200000000000237e-02
-9.575100000000000278e-02
-9.831499999999999961e-02
-9.577600000000000002e-02
-8.865699999999999970e-02
-7.920900000000000163e-02
-6.383700000000000485e-02
-4.280099999999999877e-02
-2.245099999999999874e-02
-4.963999999999999663e-03
9.648000000000000326e-03
2.008100000000000163e-02
2.798399999999999846e-02
3.397300000000000320e-02
3.900200000000000194e-02
4.209700000000000247e-02
3.287799999999999750e-02
1.339699999999999919e-02
-8.700000000000000051e-04
-8.562999999999999431e-03
-1.775600000000000095e-02
-2.505999999999999894e-02
-2.015600000000000031e-02
3.689000000000000005e-03
4.257099999999999773e-02
8.627300000000000246e-02
1.284889999999999921e-01
1.571190000000000087e-01
1.671020000000000005e-01
1.652669999999999972e-01
1.441409999999999914e-01
1.004550000000000026e-01
5.007500000000000145e-02
2.279999999999999909e-03
-4.346099999999999963e-02
-8.513800000000000534e-02
-1.109330000000000038e-01
-1.087029999999999941e-01
-9.156200000000000450e-02
-8.507800000000000085e-02
-8.598300000000000387e-02
-8.305800000000000682e-02
-8.468299999999999439e-02
-9.515099999999999947e-02
-1.083780000000000021e-01
-1.190959999999999935e-01
-1.229149999999999965e-01
-1.207460000000000061e-01
-1.153969999999999996e-01
-9.843499999999999472e-02
-7.007599999999999940e-02
-4.750000000000000056e-02
-3.286300000000000332e-02
-1.796599999999999933e-02
-3.798999999999999860e-03
8.018000000000000821e-03
1.984100000000000100e-02
3.669300000000000339e-02
5.635400000000000131e-02
7.048599999999999310e-02
7.934900000000000286e-02
8.419300000000000395e-02
8.574800000000000477e-02
8.464800000000000102e-02
7.556999999999999829e-02
5.601899999999999935e-02
3.055400000000000130e-02
1.649999999999999991e-03
-2.939399999999999999e-02
-5.533400000000000124e-02
-7.446999999999999453e-02
-9.138699999999999601e-02
-1.022150000000000003e-01
-1.018349999999999950e-01
-9.364100000000000201e-02
-8.598799999999999499e-02
-8.316300000000000081e-02
-8.417299999999999782e-02
-8.819200000000000650e-02
-8.844200000000000672e-02
-7.827900000000000136e-02
-5.921300000000000174e-02
-3.142899999999999860e-02
-2.494999999999999822e-03
1.808600000000000138e-02
3.245900000000000174e-02
4.517100000000000282e-02
5.589899999999999730e-02
5.983800000000000230e-02
5.807299999999999962e-02
5.724400000000000321e-02
5.807799999999999768e-02
5.855300000000000088e-02
5.686900000000000288e-02
5.277400000000000146e-02
4.834499999999999909e-02
3.862700000000000161e-02
2.043100000000000124e-02
2.370000000000000145e-03
-1.579200000000000048e-02
-3.891700000000000020e-02
-5.889799999999999897e-02
-7.195100000000000107e-02
-8.422799999999999732e-02
-9.473099999999999576e-02
-9.786499999999999366e-02
-9.520599999999999896e-02
-9.067699999999999372e-02
-7.936400000000000399e-02
-5.687400000000000094e-02
-3.909699999999999981e-02
-3.498799999999999827e-02
-3.482799999999999785e-02
-3.640800000000000286e-02
-3.933199999999999891e-02
-3.894199999999999745e-02
-3.025900000000000117e-02
-1.524200000000000034e-02
-4.408999999999999725e-03
1.000000000000000021e-03
4.958999999999999866e-03
5.994000000000000196e-03
3.439000000000000216e-03
-3.184000000000000198e-03
-1.245800000000000032e-02
-2.398499999999999938e-02
-3.805700000000000055e-02
-5.149000000000000105e-02
-6.297200000000000020e-02
-7.229599999999999915e-02
-7.824399999999999411e-02
-8.138399999999999801e-02
-7.887399999999999967e-02
-7.022599999999999676e-02
-6.411200000000000232e-02
-6.560199999999999365e-02
-6.734199999999999908e-02
-5.837300000000000127e-02
-4.192699999999999899e-02
-3.069900000000000059e-02
-2.529999999999999957e-02
-1.912600000000000064e-02
-1.466199999999999969e-02
-1.457199999999999988e-02
-1.548199999999999923e-02
-1.748699999999999907e-02
-2.113100000000000048e-02
-2.317500000000000115e-02
-2.392000000000000029e-02
-2.302500000000000033e-02
-1.883100000000000052e-02
-4.473999999999999679e-03
2.823900000000000021e-02
6.223299999999999665e-02
8.622299999999999409e-02
1.133170000000000011e-01
1.325629999999999864e-01
1.316839999999999955e-01
1.252199999999999980e-01
1.221060000000000062e-01
1.014300000000000063e-01
5.438899999999999985e-02
1.272200000000000067e-02
-8.297999999999999821e-03
-1.839599999999999916e-02
-2.216600000000000167e-02
-1.639200000000000032e-02
1.979999999999999989e-03
2.295499999999999971e-02
3.375800000000000328e-02
3.343299999999999744e-02
2.934900000000000009e-02
2.586000000000000104e-02
2.275999999999999898e-02
2.070599999999999871e-02
1.993599999999999886e-02
1.849100000000000049e-02
1.749600000000000113e-02
2.235600000000000087e-02
2.598999999999999921e-02
1.328700000000000020e-02
-8.208000000000000018e-03
-2.712499999999999981e-02
-4.576600000000000112e-02
-6.489200000000000523e-02
-7.404499999999999971e-02
-6.354200000000000126e-02
-4.434099999999999847e-02
-2.833400000000000155e-02
-1.316699999999999988e-02
3.219000000000000073e-03
1.638200000000000073e-02
2.743500000000000105e-02
3.431800000000000128e-02
2.444500000000000145e-02
1.049999999999999935e-03
-1.945600000000000107e-02
-2.358999999999999986e-02
-1.050300000000000018e-02
6.699000000000000093e-03
2.552000000000000102e-02
5.016000000000000320e-02
7.505000000000000560e-02
1.018050000000000066e-01
1.324639999999999984e-01
1.508400000000000019e-01
1.562840000000000062e-01
1.593080000000000052e-01
1.518100000000000005e-01
1.322389999999999954e-01
1.095529999999999976e-01
8.575299999999999589e-02
6.260699999999999599e-02
4.435599999999999959e-02
2.982900000000000135e-02
1.640199999999999991e-02
4.629000000000000302e-03
-4.663999999999999743e-03
-1.425700000000000058e-02
-2.671499999999999916e-02
-4.158200000000000091e-02
-5.920799999999999674e-02
-7.936400000000000399e-02
-1.015449999999999964e-01
-1.247700000000000059e-01
-1.432710000000000095e-01
-1.541639999999999955e-01
-1.558640000000000025e-01
-1.450210000000000110e-01
-1.290890000000000093e-01
-1.209510000000000030e-01
-1.167470000000000036e-01
-8.903700000000000503e-02
-5.185000000000000026e-02
-3.924199999999999910e-02
-3.217899999999999927e-02
-1.010800000000000066e-02
1.626700000000000021e-02
3.644300000000000317e-02
5.342899999999999733e-02
6.502199999999999647e-02
6.070300000000000001e-02
4.665600000000000303e-02
3.844199999999999701e-02
3.245399999999999674e-02
2.392999999999999988e-02
2.728999999999999829e-02
3.954699999999999882e-02
4.172700000000000020e-02
3.213900000000000090e-02
2.241599999999999843e-02
1.724999999999999971e-03
-3.255799999999999667e-02
-3.575799999999999812e-02
-9.447999999999999801e-03
4.994000000000000175e-03
2.514000000000000175e-03
-1.045800000000000028e-02
-2.735500000000000084e-02
-4.499100000000000321e-02
-6.354700000000000626e-02
-7.680499999999999827e-02
-8.227399999999999991e-02
-8.624300000000000022e-02
-9.427099999999999369e-02
-1.057939999999999992e-01
-1.068889999999999979e-01
-8.929700000000000137e-02
-7.018099999999999339e-02
-5.914300000000000113e-02
-4.743599999999999900e-02
-3.377299999999999747e-02
-1.802099999999999883e-02
2.384999999999999967e-03
2.250500000000000070e-02
3.444300000000000139e-02
3.477800000000000336e-02
2.613000000000000045e-02
1.424699999999999925e-02
2.624000000000000030e-03
-9.032999999999999363e-03
-2.074099999999999902e-02
-3.658800000000000247e-02
-5.192499999999999893e-02
-4.920499999999999874e-02
-3.613800000000000345e-02
-3.124899999999999900e-02
-3.106899999999999940e-02
-2.738000000000000156e-02
-2.130599999999999855e-02
-1.559699999999999975e-02
-1.251700000000000035e-02
-1.096800000000000032e-02
-6.764000000000000047e-03
-1.240000000000000000e-03
-2.549000000000000050e-03
-9.688000000000000431e-03
-1.051299999999999978e-02
5.594000000000000014e-03
2.843400000000000094e-02
3.175399999999999751e-02
1.517199999999999972e-02
4.669000000000000407e-03
8.328000000000000333e-03
1.498200000000000053e-02
1.883599999999999858e-02
2.238100000000000159e-02
2.492499999999999924e-02
2.034100000000000144e-02
9.887999999999999221e-03
2.075000000000000022e-03
-4.669000000000000407e-03
-1.924100000000000116e-02
-3.992199999999999915e-02
-6.097299999999999942e-02
-7.603999999999999648e-02
-7.283499999999999697e-02
-5.647400000000000336e-02
-4.221699999999999758e-02
-2.921400000000000038e-02
-1.315200000000000050e-02
4.368999999999999620e-03
2.233100000000000016e-02
4.002700000000000008e-02
5.047000000000000097e-02
4.826500000000000234e-02
4.152700000000000141e-02
3.838699999999999751e-02
4.296099999999999919e-02
6.223800000000000165e-02
7.003600000000000103e-02
7.255499999999999450e-02
7.816900000000000237e-02
7.755399999999999794e-02
5.703899999999999942e-02
2.612499999999999892e-02
-9.650000000000000374e-04
-2.411500000000000102e-02
-4.361600000000000199e-02
-5.659899999999999654e-02
-6.430199999999999805e-02
-6.159300000000000191e-02
-4.746600000000000125e-02
-3.649800000000000266e-02
-3.337799999999999795e-02
-2.756400000000000169e-02
-1.278699999999999976e-02
7.204000000000000334e-03
2.916399999999999895e-02
5.332400000000000334e-02
8.005900000000000516e-02
1.067540000000000017e-01
1.284089999999999954e-01
1.457110000000000072e-01
1.592230000000000034e-01
1.694259999999999933e-01
1.800990000000000091e-01
1.787839999999999985e-01
1.573440000000000116e-01
1.325079999999999869e-01
1.113029999999999992e-01
9.156699999999999562e-02
8.052900000000000336e-02
8.091399999999999981e-02
8.865199999999999469e-02
9.783999999999999642e-02
1.000150000000000067e-01
9.212199999999999556e-02
7.755399999999999794e-02
5.482399999999999773e-02
2.414499999999999980e-02
-5.609000000000000270e-03
-2.704000000000000153e-02
-4.208699999999999941e-02
-5.776799999999999990e-02
-7.124600000000000377e-02
-7.758900000000000519e-02
-7.977399999999999769e-02
-7.935899999999999899e-02
-7.563499999999999390e-02
-6.914099999999999413e-02
-5.728899999999999965e-02
-3.717800000000000271e-02
-1.533699999999999994e-02
2.249999999999999938e-04
8.283000000000000432e-03
6.513999999999999825e-03
-3.359000000000000007e-03
-1.347699999999999940e-02
-1.649199999999999972e-02
-1.191299999999999998e-02
-6.309000000000000372e-03
-5.500000000000000331e-04
1.174299999999999997e-02
2.864399999999999932e-02
4.721600000000000102e-02
6.462700000000000389e-02
7.005100000000000215e-02
6.619200000000000084e-02
6.206300000000000011e-02
5.678899999999999920e-02
4.951500000000000346e-02
3.889200000000000296e-02
2.181599999999999859e-02
3.154000000000000119e-03
-1.058800000000000019e-02
-2.002100000000000060e-02
-2.659500000000000058e-02
-2.975900000000000073e-02
-3.070399999999999865e-02
-2.993900000000000033e-02
-2.670499999999999957e-02
-2.272499999999999867e-02
-1.992100000000000121e-02
-1.863100000000000173e-02
-1.848100000000000090e-02
-2.096100000000000046e-02
-2.776400000000000048e-02
-3.542300000000000310e-02
-4.059700000000000114e-02
-4.360599999999999893e-02
-4.484599999999999698e-02
-4.449600000000000083e-02
-4.257099999999999773e-02
-3.887199999999999683e-02
-3.447299999999999670e-02
-3.028399999999999842e-02
-2.607999999999999902e-02
-2.242600000000000149e-02
-2.034599999999999950e-02
-1.933599999999999902e-02
-1.840599999999999875e-02
-1.763599999999999890e-02
-1.709199999999999955e-02
-1.660700000000000023e-02
-1.623199999999999990e-02
-1.600199999999999886e-02
-1.597200000000000009e-02
-1.598700000000000121e-02
-1.617700000000000041e-02
-1.681200000000000055e-02
-1.723699999999999885e-02
-1.695699999999999985e-02
-1.639699999999999838e-02
-1.589199999999999988e-02
-1.512699999999999982e-02
-1.382700000000000075e-02
-1.221299999999999990e-02
-1.065299999999999928e-02
-9.303000000000000505e-03
-8.132999999999999605e-03
-7.133999999999999717e-03
-6.294000000000000115e-03
-5.598999999999999810e-03
-5.099000000000000234e-03
-4.719000000000000104e-03
-4.368999999999999620e-03
-4.048999999999999648e-03
-3.719000000000000083e-03
-3.354000000000000210e-03
-2.984000000000000107e-03
-2.614000000000000004e-03
-2.259999999999999856e-03
-1.925000000000000062e-03
-1.605000000000000090e-03
-1.289999999999999914e-03
-9.849999999999999815e-04
-6.800000000000000488e-04
-3.750000000000000078e-04
-6.999999999999999387e-05
2.300000000000000070e-04
5.299999999999999807e-04
8.249999999999999955e-04
1.115000000000000106e-03
1.399999999999999986e-03
1.680000000000000070e-03
1.949999999999999910e-03
2.214999999999999955e-03
2.469999999999999973e-03
2.719000000000000063e-03
2.964000000000000055e-03
3.199000000000000021e-03
3.423999999999999960e-03
3.644000000000000104e-03
3.853999999999999787e-03
