-0.003029 0.007209 -0.001316 0.000000 0.000000 0.000000
-0.003009 0.007239 -0.001316 0.000000 0.000000 0.000000
-0.002984 0.007274 -0.001320 0.000000 0.000000 0.000000
-0.002964 0.007304 -0.001324 0.000000 0.000000 0.000000
-0.002939 0.007339 -0.001324 0.000000 0.000000 0.000000
-0.002919 0.007379 -0.001328 0.000000 0.000000 0.000000
-0.002894 0.007424 -0.001320 0.000000 0.000000 0.000000
-0.002859 0.007464 -0.001312 0.000000 0.000000 0.000000
-0.002804 0.007499 -0.001316 0.000000 0.000000 0.000000
-0.002739 0.007518 -0.001344 0.000000 0.000000 0.000000
-0.002674 0.007523 -0.001372 0.000000 0.000000 0.000000
-0.002609 0.007518 -0.001400 0.000000 0.000000 0.000000
-0.002569 0.007489 -0.001392 0.000000 0.000000 0.000000
-0.002584 0.007444 -0.001312 0.000000 0.000000 0.000000
-0.002669 0.007374 -0.001180 0.000000 0.000000 0.000000
-0.002839 0.007294 -0.001012 0.000000 0.000000 0.000000
-0.003049 0.007259 -0.000932 0.000000 0.000000 0.000000
-0.003169 0.007244 -0.001056 0.000000 0.000000 0.000000
-0.003134 0.007209 -0.001340 0.000000 0.000000 0.000000
-0.002999 0.007184 -0.001624 0.000000 0.000000 0.000000
-0.002729 0.007079 -0.001856 0.000000 0.000000 0.000000
-0.002300 0.006819 -0.001876 0.000000 0.000000 0.000000
-0.001705 0.006454 -0.001184 0.000000 0.000000 0.000000
-0.001045 0.006154 -0.000464 0.000000 0.000000 0.000000
-0.000745 0.006099 -0.000172 0.000000 0.000000 0.000000
-0.001240 0.006164 -0.000092 0.000000 0.000000 0.000000
-0.002944 0.006309 -0.001096 0.000000 0.000000 0.000000
-0.006169 0.005674 -0.002540 0.000000 0.000000 0.000000
-0.009713 0.003124 -0.002996 0.000000 0.000000 0.000000
-0.011858 0.000475 -0.002516 0.000000 0.000000 0.000000
-0.012423 -0.000235 -0.001428 0.000000 0.000000 0.000000
-0.011668 0.000925 -0.000484 0.000000 0.000000 0.000000
-0.009658 0.003659 -0.000528 0.000000 0.000000 0.000000
-0.006299 0.007598 -0.001256 0.000000 0.000000 0.000000
-0.001980 0.012148 -0.001908 0.000000 0.000000 0.000000
0.001680 0.016632 -0.002380 0.000000 0.000000 0.000000
0.003234 0.020546 -0.002672 0.000000 0.000000 0.000000
0.001620 0.022251 -0.002364 0.000000 0.000000 0.000000
-0.003589 0.021411 -0.001988 0.000000 0.000000 0.000000
-0.009753 0.019356 -0.001976 0.000000 0.000000 0.000000
-0.011898 0.015612 -0.003200 0.000000 0.000000 0.000000
-0.007279 0.010443 -0.004440 0.000000 0.000000 0.000000
0.002405 0.004599 -0.003732 0.000000 0.000000 0.000000
0.013032 -0.002015 -0.000736 0.000000 0.000000 0.000000
0.019481 -0.010413 0.001604 0.000000 0.000000 0.000000
0.017696 -0.020221 0.001732 0.000000 0.000000 0.000000
0.008848 -0.028914 0.001356 0.000000 0.000000 0.000000
-0.003824 -0.031574 -0.000528 0.000000 0.000000 0.000000
-0.016537 -0.020366 -0.002080 0.000000 0.000000 0.000000
-0.025390 0.002095 -0.004956 0.000000 0.000000 0.000000
-0.027265 0.021381 -0.005768 0.000000 0.000000 0.000000
-0.023250 0.031024 -0.000220 0.000000 0.000000 0.000000
-0.012458 0.033363 0.004596 0.000000 0.000000 0.000000
0.009928 0.029144 0.007708 0.000000 0.000000 0.000000
0.026000 0.018001 0.010976 0.000000 0.000000 0.000000
0.023870 0.003204 0.012952 0.000000 0.000000 0.000000
0.015342 -0.008508 0.003604 0.000000 0.000000 0.000000
0.001610 -0.014047 -0.011068 0.000000 0.000000 0.000000
-0.017047 -0.014372 -0.014604 0.000000 0.000000 0.000000
-0.031604 -0.012527 -0.012652 0.000000 0.000000 0.000000
-0.039567 -0.011378 -0.010612 0.000000 0.000000 0.000000
-0.042811 -0.009488 -0.005492 0.000000 0.000000 0.000000
-0.038687 -0.001560 -0.002120 0.000000 0.000000 0.000000
-0.027674 0.010473 -0.005056 0.000000 0.000000 0.000000
-0.010188 0.018486 -0.011920 0.000000 0.000000 0.000000
0.016702 0.019896 -0.018128 0.000000 0.000000 0.000000
0.045736 0.016622 -0.018872 0.000000 0.000000 0.000000
0.064137 0.008978 -0.013956 0.000000 0.000000 0.000000
0.072271 -0.007029 -0.006372 0.000000 0.000000 0.000000
0.076750 -0.026305 0.003216 0.000000 0.000000 0.000000
0.076545 -0.038682 0.012772 0.000000 0.000000 0.000000
0.070451 -0.048115 0.023032 0.000000 0.000000 0.000000
0.059318 -0.058633 0.032228 0.000000 0.000000 0.000000
0.043961 -0.068406 0.035124 0.000000 0.000000 0.000000
0.026030 -0.075355 0.023204 0.000000 0.000000 0.000000
0.008543 -0.069496 -0.002300 0.000000 0.000000 0.000000
-0.003434 -0.043951 -0.023652 0.000000 0.000000 0.000000
-0.009338 -0.003854 -0.038444 0.000000 0.000000 0.000000
-0.013182 0.030129 -0.048688 0.000000 0.000000 0.000000
-0.025915 0.045921 -0.037360 0.000000 0.000000 0.000000
-0.058268 0.061148 -0.014500 0.000000 0.000000 0.000000
-0.096871 0.069456 0.010216 0.000000 0.000000 0.000000
-0.115252 0.050620 0.026200 0.000000 0.000000 0.000000
-0.106534 0.021861 0.044072 0.000000 0.000000 0.000000
-0.084113 0.000335 0.046784 0.000000 0.000000 0.000000
-0.062118 -0.021091 0.008952 0.000000 0.000000 0.000000
-0.037937 -0.048595 -0.022184 0.000000 0.000000 0.000000
-0.013862 -0.075735 -0.021240 0.000000 0.000000 0.000000
-0.001250 -0.082968 -0.016128 0.000000 0.000000 0.000000
0.002694 -0.060548 0.015608 0.000000 0.000000 0.000000
0.004674 -0.034663 0.062500 0.000000 0.000000 0.000000
-0.001770 -0.013197 0.104356 0.000000 0.000000 0.000000
-0.015902 0.028479 0.118180 0.000000 0.000000 0.000000
-0.018631 0.062033 0.054608 0.000000 0.000000 0.000000
-0.006449 0.058733 -0.001264 0.000000 0.000000 0.000000
0.010968 0.044006 -0.018816 0.000000 0.000000 0.000000
0.024505 0.044871 -0.017492 0.000000 0.000000 0.000000
0.026935 0.052360 -0.002676 0.000000 0.000000 0.000000
0.023095 0.043816 -0.014200 0.000000 0.000000 0.000000
0.016877 0.017636 -0.014880 0.000000 0.000000 0.000000
0.005489 -0.011878 0.003252 0.000000 0.000000 0.000000
-0.008438 -0.035938 -0.017460 0.000000 0.000000 0.000000
-0.017317 -0.052939 -0.043368 0.000000 0.000000 0.000000
-0.017971 -0.060213 -0.032868 0.000000 0.000000 0.000000
-0.013307 -0.058033 -0.002288 0.000000 0.000000 0.000000
-0.007773 -0.038227 -0.000196 0.000000 0.000000 0.000000
-0.003229 -0.005349 -0.011560 0.000000 0.000000 0.000000
0.000795 0.019661 0.030116 0.000000 0.000000 0.000000
-0.000255 0.037113 0.069420 0.000000 0.000000 0.000000
-0.011473 0.052939 0.040236 0.000000 0.000000 0.000000
-0.031009 0.062627 -0.006572 0.000000 0.000000 0.000000
-0.047131 0.066042 -0.006608 0.000000 0.000000 0.000000
-0.049865 0.067871 -0.009976 0.000000 0.000000 0.000000
-0.040872 0.068711 -0.036408 0.000000 0.000000 0.000000
-0.027514 0.065687 -0.026200 0.000000 0.000000 0.000000
-0.018406 0.059258 0.012332 0.000000 0.000000 0.000000
-0.015302 0.046576 0.035776 0.000000 0.000000 0.000000
-0.012078 0.026025 0.039364 0.000000 0.000000 0.000000
-0.006474 0.002500 0.040160 0.000000 0.000000 0.000000
-0.000320 -0.019496 0.039044 0.000000 0.000000 0.000000
0.003384 -0.036868 0.036316 0.000000 0.000000 0.000000
0.000720 -0.039067 0.027672 0.000000 0.000000 0.000000
-0.006569 -0.017996 -0.004348 0.000000 0.000000 0.000000
-0.011928 0.005209 -0.045200 0.000000 0.000000 0.000000
-0.013432 0.013697 -0.040724 0.000000 0.000000 0.000000
-0.013427 0.018726 0.018460 0.000000 0.000000 0.000000
-0.010153 0.019471 0.053280 0.000000 0.000000 0.000000
-0.002549 0.010313 0.024584 0.000000 0.000000 0.000000
0.006314 -0.001695 -0.005376 0.000000 0.000000 0.000000
0.016942 -0.014112 -0.018040 0.000000 0.000000 0.000000
0.028404 -0.023500 -0.050104 0.000000 0.000000 0.000000
0.033598 -0.024260 -0.083604 0.000000 0.000000 0.000000
0.031824 -0.022815 -0.064548 0.000000 0.000000 0.000000
0.028949 -0.020166 -0.001004 0.000000 0.000000 0.000000
0.027000 -0.018866 0.035328 0.000000 0.000000 0.000000
0.020766 -0.032828 0.014124 0.000000 0.000000 0.000000
0.006849 -0.050035 -0.017420 0.000000 0.000000 0.000000
-0.007558 -0.051005 -0.046764 0.000000 0.000000 0.000000
-0.015642 -0.039857 -0.071228 0.000000 0.000000 0.000000
-0.017082 -0.024050 -0.053136 0.000000 0.000000 0.000000
-0.014392 -0.010363 0.021556 0.000000 0.000000 0.000000
-0.008573 -0.006809 0.067424 0.000000 0.000000 0.000000
-0.000435 -0.012667 0.026824 0.000000 0.000000 0.000000
0.005964 -0.026755 -0.034580 0.000000 0.000000 0.000000
0.007259 -0.043436 -0.065644 0.000000 0.000000 0.000000
0.000805 -0.052779 -0.050380 0.000000 0.000000 0.000000
-0.010868 -0.056399 -0.016712 0.000000 0.000000 0.000000
-0.024760 -0.057588 0.013996 0.000000 0.000000 0.000000
-0.040822 -0.053739 0.043628 0.000000 0.000000 0.000000
-0.050165 -0.047695 0.044120 0.000000 0.000000 0.000000
-0.048650 -0.042661 0.002436 0.000000 0.000000 0.000000
-0.043136 -0.037033 -0.016156 0.000000 0.000000 0.000000
-0.036138 -0.030434 0.023772 0.000000 0.000000 0.000000
-0.028649 -0.025500 0.042248 0.000000 0.000000 0.000000
-0.011318 -0.022181 0.025320 0.000000 0.000000 0.000000
0.024070 -0.018616 0.006248 0.000000 0.000000 0.000000
0.056989 -0.013917 -0.041300 0.000000 0.000000 0.000000
0.075255 -0.008403 -0.073436 0.000000 0.000000 0.000000
0.088102 -0.003074 -0.057064 0.000000 0.000000 0.000000
0.099900 0.004164 -0.031408 0.000000 0.000000 0.000000
0.106879 0.011863 -0.017160 0.000000 0.000000 0.000000
0.098695 0.007129 -0.005240 0.000000 0.000000 0.000000
0.084348 -0.011023 0.005472 0.000000 0.000000 0.000000
0.083928 -0.030529 0.021656 0.000000 0.000000 0.000000
0.092442 -0.048815 0.034480 0.000000 0.000000 0.000000
0.099815 -0.066667 0.051264 0.000000 0.000000 0.000000
0.109968 -0.083598 0.047824 0.000000 0.000000 0.000000
0.124010 -0.102185 -0.010708 0.000000 0.000000 0.000000
0.136958 -0.122555 -0.067372 0.000000 0.000000 0.000000
0.145301 -0.140752 -0.081092 0.000000 0.000000 0.000000
0.151325 -0.155614 -0.046948 0.000000 0.000000 0.000000
0.158678 -0.164592 0.000780 0.000000 0.000000 0.000000
0.161393 -0.158418 0.010952 0.000000 0.000000 0.000000
0.151400 -0.143396 -0.001628 0.000000 0.000000 0.000000
0.135313 -0.131119 -0.012216 0.000000 0.000000 0.000000
0.123300 -0.122560 -0.019108 0.000000 0.000000 0.000000
0.112637 -0.109878 -0.017612 0.000000 0.000000 0.000000
0.091462 -0.083478 0.005080 0.000000 0.000000 0.000000
0.063047 -0.052664 0.037548 0.000000 0.000000 0.000000
0.043936 -0.030729 0.054872 0.000000 0.000000 0.000000
0.038442 -0.016597 0.025292 0.000000 0.000000 0.000000
0.043166 -0.014947 -0.048464 0.000000 0.000000 0.000000
0.055074 -0.029689 -0.085128 0.000000 0.000000 0.000000
0.075870 -0.046021 -0.074312 0.000000 0.000000 0.000000
0.104104 -0.049925 -0.038448 0.000000 0.000000 0.000000
0.127295 -0.038042 0.002076 0.000000 0.000000 0.000000
0.137517 -0.001605 0.031160 0.000000 0.000000 0.000000
0.135478 0.059143 0.072112 0.000000 0.000000 0.000000
0.122515 0.125720 0.092848 0.000000 0.000000 0.000000
0.100650 0.187777 0.057844 0.000000 0.000000 0.000000
0.063547 0.245086 0.008524 0.000000 0.000000 0.000000
0.017237 0.287218 0.005096 0.000000 0.000000 0.000000
-0.016852 0.290372 0.040612 0.000000 0.000000 0.000000
-0.038657 0.257319 0.062228 0.000000 0.000000 0.000000
-0.055319 0.207848 0.050120 0.000000 0.000000 0.000000
-0.058163 0.141492 0.023160 0.000000 0.000000 0.000000
-0.046256 0.070021 0.008616 0.000000 0.000000 0.000000
-0.033698 0.010138 -0.020716 0.000000 0.000000 0.000000
-0.027085 -0.039332 -0.074036 0.000000 0.000000 0.000000
-0.025045 -0.083243 -0.103732 0.000000 0.000000 0.000000
-0.028769 -0.116832 -0.065208 0.000000 0.000000 0.000000
-0.042117 -0.127759 -0.012720 0.000000 0.000000 0.000000
-0.068691 -0.095451 0.000068 0.000000 0.000000 0.000000
-0.103814 -0.034263 0.004872 0.000000 0.000000 0.000000
-0.138252 -0.005264 0.011044 0.000000 0.000000 0.000000
-0.167277 -0.018346 0.009632 0.000000 0.000000 0.000000
-0.189357 -0.016812 -0.009972 0.000000 0.000000 0.000000
-0.207888 0.027999 -0.006068 0.000000 0.000000 0.000000
-0.231784 0.076640 0.063876 0.000000 0.000000 0.000000
-0.258503 0.098005 0.113156 0.000000 0.000000 0.000000
-0.273790 0.102789 0.108068 0.000000 0.000000 0.000000
-0.278409 0.085758 0.078100 0.000000 0.000000 0.000000
-0.282074 0.044461 0.033248 0.000000 0.000000 0.000000
-0.278204 0.011128 0.010188 0.000000 0.000000 0.000000
-0.256494 0.006139 -0.017880 0.000000 0.000000 0.000000
-0.219381 0.022051 -0.054844 0.000000 0.000000 0.000000
-0.171231 0.054209 -0.077552 0.000000 0.000000 0.000000
-0.106654 0.094956 -0.068168 0.000000 0.000000 0.000000
-0.035613 0.132134 -0.026816 0.000000 0.000000 0.000000
0.020261 0.157888 -0.011628 0.000000 0.000000 0.000000
0.061918 0.167427 -0.016196 0.000000 0.000000 0.000000
0.097785 0.162467 0.000900 0.000000 0.000000 0.000000
0.129239 0.148625 0.006980 0.000000 0.000000 0.000000
0.152629 0.118576 -0.030556 0.000000 0.000000 0.000000
0.164407 0.063232 -0.051564 0.000000 0.000000 0.000000
0.168911 -0.002954 -0.007732 0.000000 0.000000 0.000000
0.170221 -0.066462 0.046480 0.000000 0.000000 0.000000
0.170901 -0.133033 0.049124 0.000000 0.000000 0.000000
0.167686 -0.187727 0.028508 0.000000 0.000000 0.000000
0.153269 -0.187957 0.026944 0.000000 0.000000 0.000000
0.131419 -0.129294 0.030916 0.000000 0.000000 0.000000
0.100830 -0.049385 -0.007496 0.000000 0.000000 0.000000
0.061728 0.021136 -0.044508 0.000000 0.000000 0.000000
0.030459 0.062787 -0.010384 0.000000 0.000000 0.000000
0.009083 0.077115 0.041640 0.000000 0.000000 0.000000
-0.010363 0.079334 0.044276 0.000000 0.000000 0.000000
-0.028304 0.067347 0.030596 0.000000 0.000000 0.000000
-0.044921 0.041677 0.027472 0.000000 0.000000 0.000000
-0.061673 0.008063 0.022412 0.000000 0.000000 0.000000
-0.080564 -0.035498 0.018100 0.000000 0.000000 0.000000
-0.101895 -0.080144 -0.002956 0.000000 0.000000 0.000000
-0.121056 -0.101890 -0.039328 0.000000 0.000000 0.000000
-0.134728 -0.102679 -0.048212 0.000000 0.000000 0.000000
-0.148345 -0.082973 -0.024496 0.000000 0.000000 0.000000
-0.169831 -0.009733 -0.007016 0.000000 0.000000 0.000000
-0.194196 0.082139 0.001892 0.000000 0.000000 0.000000
-0.207244 0.138002 0.014596 0.000000 0.000000 0.000000
-0.207473 0.160038 0.015292 0.000000 0.000000 0.000000
-0.201945 0.126815 -0.014616 0.000000 0.000000 0.000000
-0.187657 0.070651 -0.039780 0.000000 0.000000 0.000000
-0.161848 0.085958 -0.047088 0.000000 0.000000 0.000000
-0.132568 0.145466 -0.027240 0.000000 0.000000 0.000000
-0.107139 0.158848 0.038580 0.000000 0.000000 0.000000
-0.078614 0.122201 0.077784 0.000000 0.000000 0.000000
-0.031599 0.070386 0.061220 0.000000 0.000000 0.000000
0.029414 0.044876 0.044004 0.000000 0.000000 0.000000
0.087622 0.067232 0.034184 0.000000 0.000000 0.000000
0.132808 0.118161 -0.008148 0.000000 0.000000 0.000000
0.150310 0.176850 -0.043044 0.000000 0.000000 0.000000
0.139562 0.227090 -0.034120 0.000000 0.000000 0.000000
0.117127 0.238467 -0.030444 0.000000 0.000000 0.000000
0.096631 0.200055 -0.047976 0.000000 0.000000 0.000000
0.093301 0.132568 -0.045132 0.000000 0.000000 0.000000
0.108308 0.047256 0.009200 0.000000 0.000000 0.000000
0.121646 -0.048510 0.082148 0.000000 0.000000 0.000000
0.121831 -0.141212 0.110280 0.000000 0.000000 0.000000
0.109798 -0.219831 0.062444 0.000000 0.000000 0.000000
0.086298 -0.274880 -0.031500 0.000000 0.000000 0.000000
0.057284 -0.303644 -0.080656 0.000000 0.000000 0.000000
0.027959 -0.311768 -0.068616 0.000000 0.000000 0.000000
-0.002255 -0.307354 -0.037324 0.000000 0.000000 0.000000
-0.033728 -0.290342 -0.000924 0.000000 0.000000 0.000000
-0.067971 -0.239137 0.012428 0.000000 0.000000 0.000000
-0.104189 -0.167926 0.017908 0.000000 0.000000 0.000000
-0.140052 -0.131134 0.014148 0.000000 0.000000 0.000000
-0.175735 -0.139517 -0.032340 0.000000 0.000000 0.000000
-0.210658 -0.166962 -0.074532 0.000000 0.000000 0.000000
-0.242232 -0.186498 -0.077136 0.000000 0.000000 0.000000
-0.262772 -0.178914 -0.045500 0.000000 0.000000 0.000000
-0.267062 -0.141062 0.021288 0.000000 0.000000 0.000000
-0.256719 -0.068031 0.067780 0.000000 0.000000 0.000000
-0.219536 0.037238 0.053520 0.000000 0.000000 0.000000
-0.137522 0.146116 0.015956 0.000000 0.000000 0.000000
-0.020886 0.229994 -0.018008 0.000000 0.000000 0.000000
0.097011 0.287737 -0.033420 0.000000 0.000000 0.000000
0.179204 0.330834 -0.030988 0.000000 0.000000 0.000000
0.218446 0.351190 -0.030236 0.000000 0.000000 0.000000
0.243191 0.346481 -0.027460 0.000000 0.000000 0.000000
0.259108 0.328399 -0.018468 0.000000 0.000000 0.000000
0.239117 0.296696 0.014432 0.000000 0.000000 0.000000
0.181149 0.243321 0.062716 0.000000 0.000000 0.000000
0.116952 0.170821 0.070384 0.000000 0.000000 0.000000
0.060778 0.092781 0.009112 0.000000 0.000000 0.000000
0.006229 0.015322 -0.076292 0.000000 0.000000 0.000000
-0.043171 -0.063107 -0.105600 0.000000 0.000000 0.000000
-0.072695 -0.136663 -0.061688 0.000000 0.000000 0.000000
-0.074975 -0.193996 0.011624 0.000000 0.000000 0.000000
-0.051775 -0.208383 0.050724 0.000000 0.000000 0.000000
-0.001945 -0.145426 0.070740 0.000000 0.000000 0.000000
0.063592 -0.036228 0.069292 0.000000 0.000000 0.000000
0.115547 0.067796 -0.000556 0.000000 0.000000 0.000000
0.135608 0.167551 -0.061532 0.000000 0.000000 0.000000
0.127295 0.274245 -0.058376 0.000000 0.000000 0.000000
0.109453 0.382154 -0.025344 0.000000 0.000000 0.000000
0.104704 0.467976 0.002916 0.000000 0.000000 0.000000
0.115227 0.504599 -0.003088 0.000000 0.000000 0.000000
0.122316 0.495151 -0.012120 0.000000 0.000000 0.000000
0.105929 0.446436 0.004248 0.000000 0.000000 0.000000
0.077744 0.341287 -0.007244 0.000000 0.000000 0.000000
0.068211 0.194236 -0.024368 0.000000 0.000000 0.000000
0.075295 0.052105 -0.033760 0.000000 0.000000 0.000000
0.079769 -0.073725 -0.031684 0.000000 0.000000 0.000000
0.067796 -0.218501 -0.012384 0.000000 0.000000 0.000000
0.029424 -0.361228 0.011032 0.000000 0.000000 0.000000
-0.031939 -0.423310 0.052596 0.000000 0.000000 0.000000
-0.100735 -0.421161 0.067628 0.000000 0.000000 0.000000
-0.160938 -0.406759 0.012776 0.000000 0.000000 0.000000
-0.194406 -0.369426 -0.066556 0.000000 0.000000 0.000000
-0.200430 -0.310078 -0.113184 0.000000 0.000000 0.000000
-0.196676 -0.256614 -0.115864 0.000000 0.000000 0.000000
-0.180029 -0.214842 -0.085668 0.000000 0.000000 0.000000
-0.143876 -0.174555 -0.016196 0.000000 0.000000 0.000000
-0.113437 -0.137912 0.027128 0.000000 0.000000 0.000000
-0.113432 -0.115712 0.016504 0.000000 0.000000 0.000000
-0.144106 -0.105589 -0.012420 0.000000 0.000000 0.000000
-0.193781 -0.102749 -0.028548 0.000000 0.000000 0.000000
-0.247860 -0.107658 -0.017056 0.000000 0.000000 0.000000
-0.287368 -0.121311 -0.011004 0.000000 0.000000 0.000000
-0.301435 -0.174515 -0.017172 0.000000 0.000000 0.000000
-0.290602 -0.249940 -0.007756 0.000000 0.000000 0.000000
-0.233068 -0.274955 0.024984 0.000000 0.000000 0.000000
-0.137752 -0.252355 0.083580 0.000000 0.000000 0.000000
-0.052300 -0.215547 0.146864 0.000000 0.000000 0.000000
0.021986 -0.189757 0.142644 0.000000 0.000000 0.000000
0.100920 -0.177869 0.078588 0.000000 0.000000 0.000000
0.167841 -0.148505 0.008092 0.000000 0.000000 0.000000
0.201085 -0.088067 -0.028028 0.000000 0.000000 0.000000
0.186393 -0.012697 -0.012896 0.000000 0.000000 0.000000
0.135118 0.039827 0.013872 0.000000 0.000000 0.000000
0.089062 0.058323 0.007924 0.000000 0.000000 0.000000
0.063902 0.066437 -0.021024 0.000000 0.000000 0.000000
0.044906 0.070646 -0.048624 0.000000 0.000000 0.000000
0.030364 0.061143 -0.065532 0.000000 0.000000 0.000000
0.024650 0.042986 -0.079308 0.000000 0.000000 0.000000
0.028679 0.019966 -0.063456 0.000000 0.000000 0.000000
0.043876 -0.010703 -0.006604 0.000000 0.000000 0.000000
0.069771 -0.038187 0.043016 0.000000 0.000000 0.000000
0.116607 -0.055004 0.052208 0.000000 0.000000 0.000000
0.176775 -0.068746 0.008588 0.000000 0.000000 0.000000
0.214317 -0.070351 -0.034788 0.000000 0.000000 0.000000
0.221766 -0.054179 -0.036412 0.000000 0.000000 0.000000
0.208328 -0.026805 -0.015372 0.000000 0.000000 0.000000
0.163162 0.014167 0.020592 0.000000 0.000000 0.000000
0.094521 0.052030 0.056704 0.000000 0.000000 0.000000
0.029159 0.071261 0.070504 0.000000 0.000000 0.000000
-0.027729 0.076625 0.039744 0.000000 0.000000 0.000000
-0.066742 0.070101 -0.016904 0.000000 0.000000 0.000000
-0.075420 0.057923 -0.021604 0.000000 0.000000 0.000000
-0.052684 0.030294 0.015372 0.000000 0.000000 0.000000
0.019881 -0.024715 0.042220 0.000000 0.000000 0.000000
0.121821 -0.074520 0.062032 0.000000 0.000000 0.000000
0.180184 -0.095726 0.075988 0.000000 0.000000 0.000000
0.181334 -0.103169 0.065516 0.000000 0.000000 0.000000
0.148705 -0.097970 0.055600 0.000000 0.000000 0.000000
0.084948 -0.077874 0.046992 0.000000 0.000000 0.000000
0.016277 -0.068906 0.001204 0.000000 0.000000 0.000000
-0.024525 -0.053159 -0.054084 0.000000 0.000000 0.000000
-0.033023 0.009933 -0.062448 0.000000 0.000000 0.000000
-0.017087 0.097940 -0.020744 0.000000 0.000000 0.000000
0.001880 0.174270 0.047392 0.000000 0.000000 0.000000
-0.005099 0.208938 0.067620 0.000000 0.000000 0.000000
-0.039487 0.199885 0.018460 0.000000 0.000000 0.000000
-0.063172 0.163167 -0.060796 0.000000 0.000000 0.000000
-0.056974 0.103984 -0.109020 0.000000 0.000000 0.000000
-0.035678 0.049285 -0.088556 0.000000 0.000000 0.000000
-0.009733 0.008918 -0.021652 0.000000 0.000000 0.000000
0.002914 -0.035083 0.045232 0.000000 0.000000 0.000000
-0.005984 -0.082573 0.086056 0.000000 0.000000 0.000000
-0.013137 -0.113367 0.109888 0.000000 0.000000 0.000000
-0.004084 -0.120621 0.078552 0.000000 0.000000 0.000000
0.012827 -0.121676 0.013192 0.000000 0.000000 0.000000
0.027904 -0.123615 0.005504 0.000000 0.000000 0.000000
0.026460 -0.107673 0.045048 0.000000 0.000000 0.000000
-0.000380 -0.072286 0.053736 0.000000 0.000000 0.000000
-0.035258 -0.057099 0.045576 0.000000 0.000000 0.000000
-0.061583 -0.069966 0.040916 0.000000 0.000000 0.000000
-0.083558 -0.070341 0.024508 0.000000 0.000000 0.000000
-0.105724 -0.046511 -0.009836 0.000000 0.000000 0.000000
-0.125355 -0.028164 -0.040964 0.000000 0.000000 0.000000
-0.137108 -0.033938 -0.043784 0.000000 0.000000 0.000000
-0.140927 -0.053289 -0.019088 0.000000 0.000000 0.000000
-0.139672 -0.084248 0.013988 0.000000 0.000000 0.000000
-0.134858 -0.130539 0.002796 0.000000 0.000000 0.000000
-0.124040 -0.171831 -0.016636 0.000000 0.000000 0.000000
-0.105689 -0.175785 -0.014552 0.000000 0.000000 0.000000
-0.082718 -0.128459 -0.010912 0.000000 0.000000 0.000000
-0.051750 -0.065127 -0.027624 0.000000 0.000000 0.000000
-0.008553 -0.020981 -0.059992 0.000000 0.000000 0.000000
0.045646 0.010558 -0.075052 0.000000 0.000000 0.000000
0.107349 0.035363 -0.083884 0.000000 0.000000 0.000000
0.163642 0.056399 -0.069492 0.000000 0.000000 0.000000
0.196911 0.069086 -0.014144 0.000000 0.000000 0.000000
0.204679 0.058273 0.021852 0.000000 0.000000 0.000000
0.199175 0.032518 0.002104 0.000000 0.000000 0.000000
0.186903 0.001525 -0.022368 0.000000 0.000000 0.000000
0.166302 -0.038357 -0.048532 0.000000 0.000000 0.000000
0.145826 -0.072001 -0.054580 0.000000 0.000000 0.000000
0.139982 -0.085083 -0.003852 0.000000 0.000000 0.000000
0.151610 -0.080199 0.052480 0.000000 0.000000 0.000000
0.173810 -0.060543 0.065488 0.000000 0.000000 0.000000
0.214572 -0.030184 0.058684 0.000000 0.000000 0.000000
0.274910 -0.007324 0.042812 0.000000 0.000000 0.000000
0.319656 -0.000590 0.017964 0.000000 0.000000 0.000000
0.334273 0.017501 0.008496 0.000000 0.000000 0.000000
0.340187 0.061348 0.011392 0.000000 0.000000 0.000000
0.344946 0.104289 0.013800 0.000000 0.000000 0.000000
0.338387 0.117227 -0.010176 0.000000 0.000000 0.000000
0.319001 0.096836 -0.055256 0.000000 0.000000 0.000000
0.295186 0.065247 -0.073516 0.000000 0.000000 0.000000
0.269816 0.046546 -0.058288 0.000000 0.000000 0.000000
0.234653 0.049415 -0.039576 0.000000 0.000000 0.000000
0.181454 0.072376 -0.022064 0.000000 0.000000 0.000000
0.128134 0.100625 0.007180 0.000000 0.000000 0.000000
0.098450 0.107668 0.026436 0.000000 0.000000 0.000000
0.091622 0.075850 0.010348 0.000000 0.000000 0.000000
0.087263 0.008803 -0.023220 0.000000 0.000000 0.000000
0.072565 -0.068136 -0.028796 0.000000 0.000000 0.000000
0.048215 -0.114677 -0.011664 0.000000 0.000000 0.000000
0.013412 -0.115397 -0.008044 0.000000 0.000000 0.000000
-0.016967 -0.092741 0.019500 0.000000 0.000000 0.000000
-0.031714 -0.058543 0.087672 0.000000 0.000000 0.000000
-0.035708 -0.013072 0.123436 0.000000 0.000000 0.000000
-0.029494 0.032558 0.099992 0.000000 0.000000 0.000000
-0.017357 0.074260 0.043912 0.000000 0.000000 0.000000
-0.005739 0.116512 -0.021492 0.000000 0.000000 0.000000
0.005154 0.158823 -0.047940 0.000000 0.000000 0.000000
0.014202 0.197510 -0.033512 0.000000 0.000000 0.000000
0.015352 0.233243 -0.008312 0.000000 0.000000 0.000000
-0.001940 0.267377 0.017568 0.000000 0.000000 0.000000
-0.046696 0.300920 0.025728 0.000000 0.000000 0.000000
-0.107069 0.324150 0.004648 0.000000 0.000000 0.000000
-0.158888 0.317451 -0.027988 0.000000 0.000000 0.000000
-0.194106 0.288607 -0.044028 0.000000 0.000000 0.000000
-0.218786 0.252280 -0.030816 0.000000 0.000000 0.000000
-0.231319 0.200885 -0.009344 0.000000 0.000000 0.000000
-0.214572 0.143001 0.010800 0.000000 0.000000 0.000000
-0.165162 0.102979 0.061000 0.000000 0.000000 0.000000
-0.101445 0.092911 0.083420 0.000000 0.000000 0.000000
-0.035628 0.113277 0.054724 0.000000 0.000000 0.000000
0.015752 0.156934 0.003500 0.000000 0.000000 0.000000
0.037353 0.199850 -0.064772 0.000000 0.000000 0.000000
0.038627 0.214257 -0.101188 0.000000 0.000000 0.000000
0.020551 0.199585 -0.113176 0.000000 0.000000 0.000000
-0.025410 0.179499 -0.083988 0.000000 0.000000 0.000000
-0.086988 0.156634 -0.013200 0.000000 0.000000 0.000000
-0.143316 0.090122 0.052032 0.000000 0.000000 0.000000
-0.191502 -0.017137 0.074920 0.000000 0.000000 0.000000
-0.239447 -0.107628 0.080192 0.000000 0.000000 0.000000
-0.281934 -0.179999 0.106492 0.000000 0.000000 0.000000
-0.312472 -0.257528 0.106828 0.000000 0.000000 0.000000
-0.327989 -0.287802 0.053064 0.000000 0.000000 0.000000
-0.321596 -0.245016 -0.002908 0.000000 0.000000 0.000000
-0.292362 -0.200185 -0.010264 0.000000 0.000000 0.000000
-0.241577 -0.174065 -0.005644 0.000000 0.000000 0.000000
-0.183213 -0.134853 -0.014856 0.000000 0.000000 0.000000
-0.133978 -0.088392 -0.012684 0.000000 0.000000 0.000000
-0.089277 -0.046346 0.012076 0.000000 0.000000 0.000000
-0.044601 -0.005739 0.047712 0.000000 0.000000 0.000000
-0.014837 0.036238 0.066276 0.000000 0.000000 0.000000
-0.018091 0.087507 0.053972 0.000000 0.000000 0.000000
-0.047391 0.132094 0.029716 0.000000 0.000000 0.000000
-0.082838 0.143946 0.015416 0.000000 0.000000 0.000000
-0.116147 0.137028 -0.028688 0.000000 0.000000 0.000000
-0.147136 0.100445 -0.081720 0.000000 0.000000 0.000000
-0.169981 0.028174 -0.090940 0.000000 0.000000 0.000000
-0.174855 -0.001200 -0.078804 0.000000 0.000000 0.000000
-0.157024 0.042521 -0.066668 0.000000 0.000000 0.000000
-0.122056 0.095946 -0.034220 0.000000 0.000000 0.000000
-0.083523 0.130299 0.024204 0.000000 0.000000 0.000000
-0.048035 0.158928 0.039116 0.000000 0.000000 0.000000
-0.012408 0.183548 0.010460 0.000000 0.000000 0.000000
0.018211 0.196591 0.017456 0.000000 0.000000 0.000000
0.031449 0.189097 0.066352 0.000000 0.000000 0.000000
0.029619 0.162797 0.089716 0.000000 0.000000 0.000000
0.021416 0.127929 0.048692 0.000000 0.000000 0.000000
0.007663 0.088637 0.013400 0.000000 0.000000 0.000000
-0.009038 0.046301 0.014808 0.000000 0.000000 0.000000
-0.030119 0.004009 -0.010428 0.000000 0.000000 0.000000
-0.059093 -0.035028 -0.044204 0.000000 0.000000 0.000000
-0.096896 -0.069111 -0.045928 0.000000 0.000000 0.000000
-0.145196 -0.102285 -0.051580 0.000000 0.000000 0.000000
-0.188482 -0.136338 -0.066784 0.000000 0.000000 0.000000
-0.216252 -0.169701 -0.069180 0.000000 0.000000 0.000000
-0.241237 -0.202599 -0.057296 0.000000 0.000000 0.000000
-0.261263 -0.234878 -0.029980 0.000000 0.000000 0.000000
-0.261133 -0.265037 -0.010012 0.000000 0.000000 0.000000
-0.236243 -0.294356 -0.000352 0.000000 0.000000 0.000000
-0.191002 -0.288992 0.021520 0.000000 0.000000 0.000000
-0.133313 -0.218491 0.047960 0.000000 0.000000 0.000000
-0.069721 -0.134943 0.058652 0.000000 0.000000 0.000000
-0.001990 -0.075840 0.034228 0.000000 0.000000 0.000000
0.054519 -0.014257 -0.015412 0.000000 0.000000 0.000000
0.074540 0.067986 -0.060172 0.000000 0.000000 0.000000
0.058108 0.136373 -0.067764 0.000000 0.000000 0.000000
0.028009 0.145696 -0.054240 0.000000 0.000000 0.000000
0.009588 0.113482 -0.037008 0.000000 0.000000 0.000000
0.012572 0.055394 -0.015480 0.000000 0.000000 0.000000
0.027579 -0.009983 0.017488 0.000000 0.000000 0.000000
0.040767 -0.023450 0.026000 0.000000 0.000000 0.000000
0.044311 0.015212 0.008636 0.000000 0.000000 0.000000
0.035323 0.063442 0.012216 0.000000 0.000000 0.000000
0.015052 0.077285 0.009996 0.000000 0.000000 0.000000
-0.006089 0.027619 -0.027596 0.000000 0.000000 0.000000
-0.012682 -0.011818 -0.058048 0.000000 0.000000 0.000000
0.008208 0.027694 -0.036756 0.000000 0.000000 0.000000
0.059203 0.072880 0.001440 0.000000 0.000000 0.000000
0.117112 0.052470 0.002400 0.000000 0.000000 0.000000
0.157573 -0.010208 -0.030256 0.000000 0.000000 0.000000
0.186778 -0.069856 -0.060008 0.000000 0.000000 0.000000
0.213737 -0.095961 -0.069948 0.000000 0.000000 0.000000
0.237717 -0.076295 -0.053592 0.000000 0.000000 0.000000
0.257678 -0.040142 -0.028272 0.000000 0.000000 0.000000
0.271281 -0.038202 0.012172 0.000000 0.000000 0.000000
0.268466 -0.079504 0.044284 0.000000 0.000000 0.000000
0.228919 -0.122575 -0.002464 0.000000 0.000000 0.000000
0.151130 -0.124410 -0.059156 0.000000 0.000000 0.000000
0.064347 -0.076025 -0.043412 0.000000 0.000000 0.000000
-0.006674 -0.000200 -0.022760 0.000000 0.000000 0.000000
-0.071971 0.058203 -0.028824 0.000000 0.000000 0.000000
-0.136983 0.084388 -0.042432 0.000000 0.000000 0.000000
-0.159708 0.099335 -0.031324 0.000000 0.000000 0.000000
-0.116547 0.098610 0.009448 0.000000 0.000000 0.000000
-0.036163 0.058978 0.028188 0.000000 0.000000 0.000000
0.054719 -0.010713 0.010680 0.000000 0.000000 0.000000
0.130229 -0.067831 -0.009188 0.000000 0.000000 0.000000
0.167831 -0.100545 -0.015980 0.000000 0.000000 0.000000
0.178499 -0.129974 -0.018268 0.000000 0.000000 0.000000
0.169821 -0.160613 -0.014156 0.000000 0.000000 0.000000
0.141902 -0.176895 0.003180 0.000000 0.000000 0.000000
0.117427 -0.161198 0.014688 0.000000 0.000000 0.000000
0.113522 -0.119011 0.005764 0.000000 0.000000 0.000000
0.108088 -0.053294 0.005528 0.000000 0.000000 0.000000
0.087507 0.033373 0.023292 0.000000 0.000000 0.000000
0.063677 0.091167 0.041692 0.000000 0.000000 0.000000
0.030849 0.100595 0.033088 0.000000 0.000000 0.000000
-0.010583 0.093511 -0.004724 0.000000 0.000000 0.000000
-0.042142 0.066607 -0.016632 0.000000 0.000000 0.000000
-0.049850 0.005779 0.009476 0.000000 0.000000 0.000000
-0.031594 -0.076485 0.047528 0.000000 0.000000 0.000000
0.004274 -0.163327 0.077128 0.000000 0.000000 0.000000
0.037742 -0.247465 0.076944 0.000000 0.000000 0.000000
0.039432 -0.294246 0.048076 0.000000 0.000000 0.000000
0.012343 -0.255749 0.010652 0.000000 0.000000 0.000000
-0.020676 -0.141577 -0.017500 0.000000 0.000000 0.000000
-0.055974 0.013242 -0.042812 0.000000 0.000000 0.000000
-0.087567 0.172950 -0.055452 0.000000 0.000000 0.000000
-0.105624 0.265897 -0.040944 0.000000 0.000000 0.000000
-0.103244 0.284188 -0.038324 0.000000 0.000000 0.000000
-0.085943 0.290507 -0.054784 0.000000 0.000000 0.000000
-0.063192 0.332868 -0.039896 0.000000 0.000000 0.000000
-0.024680 0.396926 0.024156 0.000000 0.000000 0.000000
0.024600 0.387408 0.065752 0.000000 0.000000 0.000000
0.047476 0.288122 0.066980 0.000000 0.000000 0.000000
0.047291 0.143686 0.054500 0.000000 0.000000 0.000000
0.065837 -0.001945 0.025824 0.000000 0.000000 0.000000
0.097545 -0.056714 0.005108 0.000000 0.000000 0.000000
0.100345 -0.043231 -0.005432 0.000000 0.000000 0.000000
0.067442 -0.064502 0.008164 0.000000 0.000000 0.000000
0.012018 -0.112023 0.054268 0.000000 0.000000 0.000000
-0.046826 -0.135783 0.091844 0.000000 0.000000 0.000000
-0.048610 -0.129119 0.099428 0.000000 0.000000 0.000000
0.027380 -0.108138 0.089996 0.000000 0.000000 0.000000
0.122845 -0.073240 0.063712 0.000000 0.000000 0.000000
0.190082 -0.015517 0.009532 0.000000 0.000000 0.000000
0.215012 0.027025 -0.060772 0.000000 0.000000 0.000000
0.189842 0.027460 -0.091788 0.000000 0.000000 0.000000
0.123990 0.001540 -0.077452 0.000000 0.000000 0.000000
0.065392 -0.045976 -0.035128 0.000000 0.000000 0.000000
0.043886 -0.110293 0.016784 0.000000 0.000000 0.000000
0.034388 -0.174885 0.029644 0.000000 0.000000 0.000000
-0.004354 -0.213947 0.019764 0.000000 0.000000 0.000000
-0.073600 -0.211703 0.008660 0.000000 0.000000 0.000000
-0.131354 -0.176095 -0.011036 0.000000 0.000000 0.000000
-0.165017 -0.121826 -0.018920 0.000000 0.000000 0.000000
-0.183543 -0.065507 -0.024428 0.000000 0.000000 0.000000
-0.181744 -0.014612 -0.024616 0.000000 0.000000 0.000000
-0.169026 0.023095 0.021328 0.000000 0.000000 0.000000
-0.139007 0.029259 0.063388 0.000000 0.000000 0.000000
-0.069081 0.007139 0.033040 0.000000 0.000000 0.000000
-0.002180 -0.026590 -0.048076 0.000000 0.000000 0.000000
0.026100 -0.070991 -0.075592 0.000000 0.000000 0.000000
0.040137 -0.120356 -0.048964 0.000000 0.000000 0.000000
0.039782 -0.160283 -0.026212 0.000000 0.000000 0.000000
0.015907 -0.176980 0.014900 0.000000 0.000000 0.000000
-0.026010 -0.168701 0.042240 0.000000 0.000000 0.000000
-0.079099 -0.111253 0.037120 0.000000 0.000000 0.000000
-0.112273 0.012098 0.024188 0.000000 0.000000 0.000000
-0.106079 0.119736 0.017716 0.000000 0.000000 0.000000
-0.067092 0.153969 0.018316 0.000000 0.000000 0.000000
-0.011273 0.155754 0.021744 0.000000 0.000000 0.000000
0.035968 0.141372 0.019696 0.000000 0.000000 0.000000
0.080319 0.105474 0.003864 0.000000 0.000000 0.000000
0.125890 0.086083 -0.008600 0.000000 0.000000 0.000000
0.142247 0.102310 0.034992 0.000000 0.000000 0.000000
0.120096 0.130254 0.078452 0.000000 0.000000 0.000000
0.075375 0.139377 0.047380 0.000000 0.000000 0.000000
0.011973 0.117736 -0.019664 0.000000 0.000000 0.000000
-0.057673 0.087328 -0.062076 0.000000 0.000000 0.000000
-0.113947 0.065767 -0.070724 0.000000 0.000000 0.000000
-0.141377 0.063432 -0.080000 0.000000 0.000000 0.000000
-0.131979 0.086213 -0.080512 0.000000 0.000000 0.000000
-0.106829 0.118836 -0.053604 0.000000 0.000000 0.000000
-0.077045 0.131364 -0.021828 0.000000 0.000000 0.000000
-0.034493 0.098225 -0.025412 0.000000 0.000000 0.000000
0.010623 0.030604 -0.060920 0.000000 0.000000 0.000000
0.031149 -0.047076 -0.067832 0.000000 0.000000 0.000000
0.013152 -0.116847 -0.030644 0.000000 0.000000 0.000000
-0.020726 -0.176015 -0.003364 0.000000 0.000000 0.000000
-0.045391 -0.229544 -0.007792 0.000000 0.000000 0.000000
-0.052549 -0.241132 -0.031544 0.000000 0.000000 0.000000
-0.054019 -0.195381 -0.045680 0.000000 0.000000 0.000000
-0.080114 -0.127634 -0.034812 0.000000 0.000000 0.000000
-0.124165 -0.061453 0.000588 0.000000 0.000000 0.000000
-0.145351 0.006014 0.040532 0.000000 0.000000 0.000000
-0.126795 0.082434 0.052300 0.000000 0.000000 0.000000
-0.089787 0.127090 0.053256 0.000000 0.000000 0.000000
-0.071706 0.110063 0.037932 0.000000 0.000000 0.000000
-0.089007 0.067656 -0.004128 0.000000 0.000000 0.000000
-0.116712 0.033403 -0.039284 0.000000 0.000000 0.000000
-0.127325 0.007309 -0.053868 0.000000 0.000000 0.000000
-0.119876 -0.021396 -0.056772 0.000000 0.000000 0.000000
-0.097386 -0.055319 -0.032724 0.000000 0.000000 0.000000
-0.065107 -0.096811 0.017652 0.000000 0.000000 0.000000
-0.048435 -0.145356 0.048456 0.000000 0.000000 0.000000
-0.066007 -0.183503 0.047992 0.000000 0.000000 0.000000
-0.090912 -0.204894 0.007296 0.000000 0.000000 0.000000
-0.085403 -0.209873 -0.033364 0.000000 0.000000 0.000000
-0.056059 -0.165062 -0.048940 0.000000 0.000000 0.000000
-0.029304 -0.057359 -0.033672 0.000000 0.000000 0.000000
-0.011153 0.055804 0.015856 0.000000 0.000000 0.000000
0.004024 0.131359 0.073204 0.000000 0.000000 0.000000
0.013807 0.173015 0.083844 0.000000 0.000000 0.000000
0.014937 0.180294 0.022400 0.000000 0.000000 0.000000
0.022191 0.152115 -0.044908 0.000000 0.000000 0.000000
0.044466 0.095116 -0.073120 0.000000 0.000000 0.000000
0.074600 0.019141 -0.054588 0.000000 0.000000 0.000000
0.100980 -0.052829 -0.006528 0.000000 0.000000 0.000000
0.102664 -0.088627 0.040328 0.000000 0.000000 0.000000
0.088127 -0.073335 0.060172 0.000000 0.000000 0.000000
0.081279 -0.010343 0.031920 0.000000 0.000000 0.000000
0.078614 0.066717 -0.022592 0.000000 0.000000 0.000000
0.085288 0.107518 -0.055996 0.000000 0.000000 0.000000
0.111783 0.109253 -0.049408 0.000000 0.000000 0.000000
0.145141 0.086258 0.013344 0.000000 0.000000 0.000000
0.167761 0.065582 0.098092 0.000000 0.000000 0.000000
0.166352 0.079199 0.127744 0.000000 0.000000 0.000000
0.141217 0.093611 0.103656 0.000000 0.000000 0.000000
0.108823 0.073440 0.045476 0.000000 0.000000 0.000000
0.081844 0.028114 -0.018660 0.000000 0.000000 0.000000
0.061673 -0.029214 -0.029708 0.000000 0.000000 0.000000
0.042382 -0.089902 -0.002504 0.000000 0.000000 0.000000
0.032239 -0.148970 0.010324 0.000000 0.000000 0.000000
0.041277 -0.201520 0.001132 0.000000 0.000000 0.000000
0.054894 -0.228034 0.002800 0.000000 0.000000 0.000000
0.063167 -0.214792 0.009424 0.000000 0.000000 0.000000
0.069141 -0.174715 -0.008728 0.000000 0.000000 0.000000
0.053899 -0.130149 -0.024776 0.000000 0.000000 0.000000
0.014682 -0.099810 -0.018168 0.000000 0.000000 0.000000
-0.018036 -0.092202 0.013684 0.000000 0.000000 0.000000
-0.023230 -0.107109 0.045880 0.000000 0.000000 0.000000
-0.002080 -0.132548 0.034912 0.000000 0.000000 0.000000
0.027604 -0.148845 0.001548 0.000000 0.000000 0.000000
0.058373 -0.150655 -0.023952 0.000000 0.000000 0.000000
0.085883 -0.142142 -0.029256 0.000000 0.000000 0.000000
0.093796 -0.123755 -0.023888 0.000000 0.000000 0.000000
0.080409 -0.088072 0.004272 0.000000 0.000000 0.000000
0.061723 -0.028724 0.048836 0.000000 0.000000 0.000000
0.034613 0.043266 0.043116 0.000000 0.000000 0.000000
-0.009768 0.110928 0.012372 0.000000 0.000000 0.000000
-0.046846 0.157833 -0.012540 0.000000 0.000000 0.000000
-0.060368 0.173460 -0.040352 0.000000 0.000000 0.000000
-0.063132 0.174115 -0.041360 0.000000 0.000000 0.000000
-0.053994 0.179649 0.008064 0.000000 0.000000 0.000000
-0.030989 0.176620 0.045036 0.000000 0.000000 0.000000
-0.004359 0.152979 0.055840 0.000000 0.000000 0.000000
0.021341 0.115372 0.074816 0.000000 0.000000 0.000000
0.044526 0.060963 0.069688 0.000000 0.000000 0.000000
0.063297 0.005239 0.035860 0.000000 0.000000 0.000000
0.079634 -0.034028 -0.008288 0.000000 0.000000 0.000000
0.097256 -0.063152 -0.048020 0.000000 0.000000 0.000000
0.114722 -0.078014 -0.062344 0.000000 0.000000 0.000000
0.130044 -0.076785 -0.050052 0.000000 0.000000 0.000000
0.144931 -0.069046 -0.010712 0.000000 0.000000 0.000000
0.143761 -0.052639 0.040172 0.000000 0.000000 0.000000
0.110218 -0.024795 0.056052 0.000000 0.000000 0.000000
0.058788 0.016677 0.040676 0.000000 0.000000 0.000000
0.014232 0.071801 -0.002192 0.000000 0.000000 0.000000
-0.011403 0.109363 -0.065320 0.000000 0.000000 0.000000
-0.009628 0.108093 -0.095936 0.000000 0.000000 0.000000
0.011103 0.082743 -0.095888 0.000000 0.000000 0.000000
0.027524 0.053074 -0.086200 0.000000 0.000000 0.000000
0.039837 0.035308 -0.025264 0.000000 0.000000 0.000000
0.058098 0.035168 0.035220 0.000000 0.000000 0.000000
0.081694 0.044356 0.060648 0.000000 0.000000 0.000000
0.100090 0.049930 0.056412 0.000000 0.000000 0.000000
0.094806 0.036383 0.037876 0.000000 0.000000 0.000000
0.066187 -0.006284 0.040796 0.000000 0.000000 0.000000
0.023790 -0.056659 0.067108 0.000000 0.000000 0.000000
-0.025550 -0.084818 0.074660 0.000000 0.000000 0.000000
-0.063277 -0.091872 0.033576 0.000000 0.000000 0.000000
-0.083138 -0.086638 0.013140 0.000000 0.000000 0.000000
-0.088252 -0.052889 0.027560 0.000000 0.000000 0.000000
-0.077055 0.014787 0.017372 0.000000 0.000000 0.000000
-0.059058 0.068511 0.008440 0.000000 0.000000 0.000000
-0.044066 0.074185 0.014188 0.000000 0.000000 0.000000
-0.030824 0.058418 0.023884 0.000000 0.000000 0.000000
-0.016572 0.040632 0.023828 0.000000 0.000000 0.000000
-0.000820 0.011398 -0.000416 0.000000 0.000000 0.000000
0.019981 -0.019301 -0.023032 0.000000 0.000000 0.000000
0.042352 -0.030139 -0.019628 0.000000 0.000000 0.000000
0.037762 -0.017397 -0.007372 0.000000 0.000000 0.000000
-0.000555 0.025860 -0.007672 0.000000 0.000000 0.000000
-0.036013 0.077784 -0.008592 0.000000 0.000000 0.000000
-0.051940 0.093231 0.010448 0.000000 0.000000 0.000000
-0.045021 0.072221 0.016348 0.000000 0.000000 0.000000
-0.013762 0.037672 -0.005784 0.000000 0.000000 0.000000
0.017746 0.010673 -0.018656 0.000000 0.000000 0.000000
0.040052 0.010833 -0.009232 0.000000 0.000000 0.000000
0.054209 0.036248 0.013608 0.000000 0.000000 0.000000
0.046881 0.059518 0.032800 0.000000 0.000000 0.000000
0.026780 0.051840 0.047340 0.000000 0.000000 0.000000
0.010378 0.015167 0.038728 0.000000 0.000000 0.000000
-0.003034 -0.017706 0.010716 0.000000 0.000000 0.000000
-0.011648 -0.033998 -0.009156 0.000000 0.000000 0.000000
-0.015782 -0.000220 -0.004076 0.000000 0.000000 0.000000
-0.021701 0.110368 -0.003592 0.000000 0.000000 0.000000
-0.031119 0.180394 0.001516 0.000000 0.000000 0.000000
-0.033843 0.153094 -0.006304 0.000000 0.000000 0.000000
-0.024080 0.109793 -0.050024 0.000000 0.000000 0.000000
-0.009338 0.068001 -0.082968 0.000000 0.000000 0.000000
0.002055 0.022146 -0.095684 0.000000 0.000000 0.000000
-0.001285 -0.007429 -0.084200 0.000000 0.000000 0.000000
-0.034073 -0.019906 -0.043072 0.000000 0.000000 0.000000
-0.096571 -0.016862 0.003372 0.000000 0.000000 0.000000
-0.160488 -0.007359 0.038248 0.000000 0.000000 0.000000
-0.200745 -0.007998 0.075288 0.000000 0.000000 0.000000
-0.212547 -0.011573 0.098744 0.000000 0.000000 0.000000
-0.186973 -0.007489 0.061284 0.000000 0.000000 0.000000
-0.136513 0.002629 -0.037536 0.000000 0.000000 0.000000
-0.083978 0.017492 -0.123128 0.000000 0.000000 0.000000
-0.036628 0.041537 -0.158800 0.000000 0.000000 0.000000
-0.020501 0.065352 -0.155892 0.000000 0.000000 0.000000
-0.038077 0.069631 -0.106088 0.000000 0.000000 0.000000
-0.052544 0.051845 -0.026464 0.000000 0.000000 0.000000
-0.053989 0.018281 0.045868 0.000000 0.000000 0.000000
-0.052739 -0.030549 0.056808 0.000000 0.000000 0.000000
-0.046061 -0.081154 -0.008936 0.000000 0.000000 0.000000
-0.030909 -0.107608 -0.071220 0.000000 0.000000 0.000000
-0.015632 -0.117571 -0.081172 0.000000 0.000000 0.000000
-0.001465 -0.124965 -0.054852 0.000000 0.000000 0.000000
0.016587 -0.111238 -0.009364 0.000000 0.000000 0.000000
0.033078 -0.071571 0.041216 0.000000 0.000000 0.000000
0.041537 -0.045636 0.078264 0.000000 0.000000 0.000000
0.041332 -0.049795 0.069684 0.000000 0.000000 0.000000
0.030944 -0.057024 0.010756 0.000000 0.000000 0.000000
0.006524 -0.053859 -0.038424 0.000000 0.000000 0.000000
-0.025610 -0.038592 -0.051884 0.000000 0.000000 0.000000
-0.053889 -0.015157 -0.059300 0.000000 0.000000 0.000000
-0.075825 0.005909 -0.026844 0.000000 0.000000 0.000000
-0.090502 0.019036 0.040976 0.000000 0.000000 0.000000
-0.095986 0.025535 0.067068 0.000000 0.000000 0.000000
-0.093771 0.031264 0.042268 0.000000 0.000000 0.000000
-0.081889 0.035423 0.017300 0.000000 0.000000 0.000000
-0.055549 0.037882 0.015136 0.000000 0.000000 0.000000
-0.016632 0.040267 0.005484 0.000000 0.000000 0.000000
0.026150 0.033063 -0.013536 0.000000 0.000000 0.000000
0.057678 0.012028 -0.014548 0.000000 0.000000 0.000000
0.065692 -0.006959 -0.002508 0.000000 0.000000 0.000000
0.048380 -0.017756 -0.010744 0.000000 0.000000 0.000000
0.013642 -0.040687 -0.019264 0.000000 0.000000 0.000000
-0.024860 -0.071551 -0.006176 0.000000 0.000000 0.000000
-0.060048 -0.078744 -0.001636 0.000000 0.000000 0.000000
-0.085118 -0.069431 -0.012304 0.000000 0.000000 0.000000
-0.091237 -0.063892 -0.004792 0.000000 0.000000 0.000000
-0.083358 -0.058063 0.030324 0.000000 0.000000 0.000000
-0.072236 -0.041357 0.031796 0.000000 0.000000 0.000000
-0.054544 -0.008748 -0.014368 0.000000 0.000000 0.000000
-0.023285 0.033503 -0.036180 0.000000 0.000000 0.000000
0.009148 0.074305 -0.029580 0.000000 0.000000 0.000000
0.028704 0.116727 -0.027240 0.000000 0.000000 0.000000
0.033838 0.154564 -0.017376 0.000000 0.000000 0.000000
0.029939 0.160403 0.010012 0.000000 0.000000 0.000000
0.020216 0.123390 0.036360 0.000000 0.000000 0.000000
0.007893 0.060853 0.035024 0.000000 0.000000 0.000000
0.008098 0.008888 0.036652 0.000000 0.000000 0.000000
0.027460 -0.016692 0.075580 0.000000 0.000000 0.000000
0.047121 -0.033283 0.113512 0.000000 0.000000 0.000000
0.048215 -0.058443 0.111012 0.000000 0.000000 0.000000
0.031354 -0.097431 0.060028 0.000000 0.000000 0.000000
0.009858 -0.142137 0.009892 0.000000 0.000000 0.000000
0.002230 -0.185858 -0.026236 0.000000 0.000000 0.000000
0.017641 -0.225620 -0.045916 0.000000 0.000000 0.000000
0.051710 -0.251970 -0.034064 0.000000 0.000000 0.000000
0.084563 -0.255869 0.001016 0.000000 0.000000 0.000000
0.090462 -0.241512 0.032112 0.000000 0.000000 0.000000
0.072391 -0.221846 0.046256 0.000000 0.000000 0.000000
0.065402 -0.203659 0.040184 0.000000 0.000000 0.000000
0.082838 -0.182543 0.027696 0.000000 0.000000 0.000000
0.101830 -0.153524 0.030760 0.000000 0.000000 0.000000
0.099985 -0.117462 0.052596 0.000000 0.000000 0.000000
0.067626 -0.089917 0.068264 0.000000 0.000000 0.000000
0.023780 -0.086008 0.055820 0.000000 0.000000 0.000000
-0.003069 -0.091347 0.031168 0.000000 0.000000 0.000000
-0.013992 -0.069086 0.009184 0.000000 0.000000 0.000000
-0.020891 -0.011473 -0.032708 0.000000 0.000000 0.000000
-0.027035 0.041902 -0.073820 0.000000 0.000000 0.000000
-0.031389 0.076725 -0.068664 0.000000 0.000000 0.000000
-0.031669 0.101725 -0.038752 0.000000 0.000000 0.000000
-0.027869 0.109053 -0.033156 0.000000 0.000000 0.000000
-0.020751 0.096871 -0.045388 0.000000 0.000000 0.000000
-0.009453 0.075910 -0.040840 0.000000 0.000000 0.000000
0.007449 0.068696 -0.014240 0.000000 0.000000 0.000000
0.032783 0.089017 0.005816 0.000000 0.000000 0.000000
0.057493 0.115657 0.021792 0.000000 0.000000 0.000000
0.068221 0.135973 0.042564 0.000000 0.000000 0.000000
0.065002 0.153554 0.065888 0.000000 0.000000 0.000000
0.049625 0.156254 0.046724 0.000000 0.000000 0.000000
0.024750 0.142417 -0.020684 0.000000 0.000000 0.000000
-0.003254 0.122830 -0.027188 0.000000 0.000000 0.000000
-0.035838 0.087682 -0.012656 0.000000 0.000000 0.000000
-0.063512 0.034583 -0.039828 0.000000 0.000000 0.000000
-0.064257 -0.000515 -0.064308 0.000000 0.000000 0.000000
-0.030184 0.001330 -0.052392 0.000000 0.000000 0.000000
0.021121 0.019606 -0.031120 0.000000 0.000000 0.000000
0.049285 0.046481 -0.031560 0.000000 0.000000 0.000000
0.048330 0.080124 -0.043792 0.000000 0.000000 0.000000
0.033838 0.098140 -0.048472 0.000000 0.000000 0.000000
0.003444 0.083113 -0.037288 0.000000 0.000000 0.000000
-0.018601 0.058798 -0.025048 0.000000 0.000000 0.000000
-0.012852 0.061303 -0.017516 0.000000 0.000000 0.000000
0.010263 0.086873 -0.019704 0.000000 0.000000 0.000000
0.031939 0.110728 -0.029548 0.000000 0.000000 0.000000
0.026050 0.117312 -0.051632 0.000000 0.000000 0.000000
-0.010013 0.101285 -0.086068 0.000000 0.000000 0.000000
-0.041532 0.060458 -0.085040 0.000000 0.000000 0.000000
-0.037233 0.005909 -0.030328 0.000000 0.000000 0.000000
-0.005994 -0.044856 0.032144 0.000000 0.000000 0.000000
0.025515 -0.091867 0.080632 0.000000 0.000000 0.000000
0.041512 -0.137697 0.097548 0.000000 0.000000 0.000000
0.040007 -0.180199 0.082496 0.000000 0.000000 0.000000
0.021191 -0.222880 0.077592 0.000000 0.000000 0.000000
-0.008693 -0.261268 0.057592 0.000000 0.000000 0.000000
-0.034148 -0.263532 0.017540 0.000000 0.000000 0.000000
-0.047995 -0.214522 -0.018816 0.000000 0.000000 0.000000
-0.051990 -0.156639 -0.048972 0.000000 0.000000 0.000000
-0.048030 -0.113292 -0.072660 0.000000 0.000000 0.000000
-0.037572 -0.059933 -0.070924 0.000000 0.000000 0.000000
-0.023640 0.003779 -0.034776 0.000000 0.000000 0.000000
-0.009348 0.056299 0.022200 0.000000 0.000000 0.000000
0.000385 0.104064 0.074216 0.000000 0.000000 0.000000
-0.001520 0.136348 0.075684 0.000000 0.000000 0.000000
-0.018621 0.130264 0.051904 0.000000 0.000000 0.000000
-0.040482 0.098770 0.024844 0.000000 0.000000 0.000000
-0.051955 0.052964 -0.027700 0.000000 0.000000 0.000000
-0.052859 0.006959 -0.051984 0.000000 0.000000 0.000000
-0.050070 -0.012068 -0.023824 0.000000 0.000000 0.000000
-0.044841 -0.006974 0.014104 0.000000 0.000000 0.000000
-0.036388 0.003574 0.051660 0.000000 0.000000 0.000000
-0.026975 0.026300 0.062632 0.000000 0.000000 0.000000
-0.019056 0.063247 0.044124 0.000000 0.000000 0.000000
-0.009738 0.096851 0.028824 0.000000 0.000000 0.000000
0.013282 0.126655 0.030176 0.000000 0.000000 0.000000
0.053589 0.160658 0.047764 0.000000 0.000000 0.000000
0.093671 0.191577 0.056108 0.000000 0.000000 0.000000
0.116752 0.216562 0.039508 0.000000 0.000000 0.000000
0.124330 0.239407 0.038180 0.000000 0.000000 0.000000
0.125655 0.256674 0.062268 0.000000 0.000000 0.000000
0.125755 0.271121 0.078108 0.000000 0.000000 0.000000
0.123505 0.269751 0.055560 0.000000 0.000000 0.000000
0.117382 0.236328 -0.005712 0.000000 0.000000 0.000000
0.110208 0.191717 -0.078244 0.000000 0.000000 0.000000
0.104019 0.148810 -0.136604 0.000000 0.000000 0.000000
0.097196 0.101700 -0.151420 0.000000 0.000000 0.000000
0.087438 0.063167 -0.122792 0.000000 0.000000 0.000000
0.075915 0.054979 -0.068092 0.000000 0.000000 0.000000
0.067636 0.073125 -0.005972 0.000000 0.000000 0.000000
0.058853 0.096696 0.033592 0.000000 0.000000 0.000000
0.040647 0.116842 0.043856 0.000000 0.000000 0.000000
0.014462 0.134023 0.038128 0.000000 0.000000 0.000000
-0.017496 0.151505 0.012876 0.000000 0.000000 0.000000
-0.054674 0.169891 -0.021120 0.000000 0.000000 0.000000
-0.085058 0.184213 -0.047908 0.000000 0.000000 0.000000
-0.100110 0.188027 -0.070908 0.000000 0.000000 0.000000
-0.103754 0.171871 -0.080104 0.000000 0.000000 0.000000
-0.103074 0.130794 -0.063116 0.000000 0.000000 0.000000
-0.110548 0.076205 -0.028896 0.000000 0.000000 0.000000
-0.129719 0.019831 -0.014868 0.000000 0.000000 0.000000
-0.144261 -0.040642 -0.009748 0.000000 0.000000 0.000000
-0.142027 -0.113832 0.015328 0.000000 0.000000 0.000000
-0.127549 -0.191712 0.033324 0.000000 0.000000 0.000000
-0.102095 -0.236148 0.047808 0.000000 0.000000 0.000000
-0.055429 -0.224080 0.060288 0.000000 0.000000 0.000000
-0.003919 -0.182179 0.049648 0.000000 0.000000 0.000000
0.018746 -0.142541 0.026004 0.000000 0.000000 0.000000
0.020176 -0.109168 0.021600 0.000000 0.000000 0.000000
0.022266 -0.085908 0.035492 0.000000 0.000000 0.000000
0.031714 -0.082968 0.036224 0.000000 0.000000 0.000000
0.053684 -0.097241 0.029956 0.000000 0.000000 0.000000
0.077100 -0.123680 0.040236 0.000000 0.000000 0.000000
0.083103 -0.147555 0.061988 0.000000 0.000000 0.000000
0.075110 -0.139737 0.052536 0.000000 0.000000 0.000000
0.063442 -0.087413 -0.012008 0.000000 0.000000 0.000000
0.046231 -0.025605 -0.069888 0.000000 0.000000 0.000000
0.026560 -0.018561 -0.085068 0.000000 0.000000 0.000000
0.016287 -0.061283 -0.060216 0.000000 0.000000 0.000000
0.017921 -0.098525 -0.014552 0.000000 0.000000 0.000000
0.019191 -0.117796 0.052236 0.000000 0.000000 0.000000
0.013722 -0.132958 0.091688 0.000000 0.000000 0.000000
0.007489 -0.139612 0.054424 0.000000 0.000000 0.000000
-0.000125 -0.136658 -0.000092 0.000000 0.000000 0.000000
-0.015607 -0.135168 -0.054732 0.000000 0.000000 0.000000
-0.030114 -0.131864 -0.096296 0.000000 0.000000 0.000000
-0.032029 -0.118321 -0.100984 0.000000 0.000000 0.000000
-0.026185 -0.100315 -0.081104 0.000000 0.000000 0.000000
-0.017077 -0.092177 -0.039888 0.000000 0.000000 0.000000
-0.007299 -0.098270 -0.001232 0.000000 0.000000 0.000000
-0.005489 -0.108358 0.024380 0.000000 0.000000 0.000000
-0.014857 -0.114887 0.049812 0.000000 0.000000 0.000000
-0.032768 -0.098280 0.060896 0.000000 0.000000 0.000000
-0.059108 -0.053304 0.044376 0.000000 0.000000 0.000000
-0.086238 -0.018411 0.025760 0.000000 0.000000 0.000000
-0.105369 -0.001120 0.024976 0.000000 0.000000 0.000000
-0.113077 0.020446 0.038392 0.000000 0.000000 0.000000
-0.112063 0.044531 0.050584 0.000000 0.000000 0.000000
-0.107808 0.055594 0.031676 0.000000 0.000000 0.000000
-0.098500 0.053059 -0.010320 0.000000 0.000000 0.000000
-0.085798 0.050705 -0.026012 0.000000 0.000000 0.000000
-0.073705 0.050700 -0.024168 0.000000 0.000000 0.000000
-0.066522 0.043071 -0.024888 0.000000 0.000000 0.000000
-0.070881 0.025375 -0.002112 0.000000 0.000000 0.000000
-0.073885 0.014662 0.047572 0.000000 0.000000 0.000000
-0.059703 0.021711 0.100044 0.000000 0.000000 0.000000
-0.044286 0.033593 0.120036 0.000000 0.000000 0.000000
-0.045741 0.035323 0.119384 0.000000 0.000000 0.000000
-0.054199 0.026085 0.106824 0.000000 0.000000 0.000000
-0.051810 0.014922 0.062648 0.000000 0.000000 0.000000
-0.034113 0.006769 0.002464 0.000000 0.000000 0.000000
-0.005394 -0.005034 -0.044756 0.000000 0.000000 0.000000
0.034983 -0.033858 -0.078708 0.000000 0.000000 0.000000
0.088522 -0.062927 -0.091044 0.000000 0.000000 0.000000
0.132878 -0.062073 -0.070052 0.000000 0.000000 0.000000
0.141007 -0.041422 -0.038300 0.000000 0.000000 0.000000
0.124190 -0.015837 -0.006180 0.000000 0.000000 0.000000
0.105279 0.011638 0.018612 0.000000 0.000000 0.000000
0.073660 0.032888 0.015688 0.000000 0.000000 0.000000
0.020551 0.049715 0.001136 0.000000 0.000000 0.000000
-0.018881 0.064282 -0.011840 0.000000 0.000000 0.000000
-0.030624 0.074745 -0.027288 0.000000 0.000000 0.000000
-0.038052 0.085118 -0.048308 0.000000 0.000000 0.000000
-0.043186 0.079639 -0.079752 0.000000 0.000000 0.000000
-0.036328 0.039212 -0.122720 0.000000 0.000000 0.000000
-0.019001 -0.013342 -0.171324 0.000000 0.000000 0.000000
-0.001295 -0.057389 -0.180204 0.000000 0.000000 0.000000
0.011888 -0.094376 -0.148588 0.000000 0.000000 0.000000
0.023850 -0.119961 -0.115408 0.000000 0.000000 0.000000
0.035403 -0.140457 -0.072560 0.000000 0.000000 0.000000
0.045431 -0.167856 -0.033552 0.000000 0.000000 0.000000
0.049820 -0.194871 0.017004 0.000000 0.000000 0.000000
0.047301 -0.204769 0.069312 0.000000 0.000000 0.000000
0.044151 -0.202420 0.067676 0.000000 0.000000 0.000000
0.040882 -0.203934 0.036220 0.000000 0.000000 0.000000
0.028594 -0.204884 0.005876 0.000000 0.000000 0.000000
0.009043 -0.187557 -0.031956 0.000000 0.000000 0.000000
-0.006209 -0.154734 -0.072476 0.000000 0.000000 0.000000
-0.012148 -0.117042 -0.087388 0.000000 0.000000 0.000000
-0.009823 -0.065037 -0.077248 0.000000 0.000000 0.000000
-0.000975 -0.003529 -0.087524 0.000000 0.000000 0.000000
0.006729 0.044006 -0.102224 0.000000 0.000000 0.000000
0.003799 0.071816 -0.077780 0.000000 0.000000 0.000000
-0.007778 0.089577 -0.013828 0.000000 0.000000 0.000000
-0.019696 0.104274 0.050760 0.000000 0.000000 0.000000
-0.028109 0.122675 0.089296 0.000000 0.000000 0.000000
-0.037672 0.148515 0.113740 0.000000 0.000000 0.000000
-0.055349 0.186378 0.136888 0.000000 0.000000 0.000000
-0.079234 0.227355 0.132860 0.000000 0.000000 0.000000
-0.104854 0.246061 0.091800 0.000000 0.000000 0.000000
-0.126215 0.239052 0.065648 0.000000 0.000000 0.000000
-0.136483 0.205824 0.076300 0.000000 0.000000 0.000000
-0.140732 0.152704 0.073732 0.000000 0.000000 0.000000
-0.144311 0.112198 0.039296 0.000000 0.000000 0.000000
-0.145881 0.091827 0.021172 0.000000 0.000000 0.000000
-0.144366 0.080759 0.039492 0.000000 0.000000 0.000000
-0.139472 0.077125 0.060616 0.000000 0.000000 0.000000
-0.133618 0.080374 0.058736 0.000000 0.000000 0.000000
-0.128914 0.087612 0.050944 0.000000 0.000000 0.000000
-0.124645 0.089292 0.060496 0.000000 0.000000 0.000000
-0.120126 0.084278 0.090340 0.000000 0.000000 0.000000
-0.112777 0.083508 0.082976 0.000000 0.000000 0.000000
-0.102305 0.084868 0.029468 0.000000 0.000000 0.000000
-0.095951 0.078149 -0.019120 0.000000 0.000000 0.000000
-0.096441 0.066447 -0.039848 0.000000 0.000000 0.000000
-0.098200 0.051515 -0.014676 0.000000 0.000000 0.000000
-0.098870 0.023725 0.028396 0.000000 0.000000 0.000000
-0.100855 -0.017122 0.062676 0.000000 0.000000 0.000000
-0.101705 -0.052460 0.067236 0.000000 0.000000 0.000000
-0.096766 -0.080494 0.049576 0.000000 0.000000 0.000000
-0.085438 -0.113052 0.039948 0.000000 0.000000 0.000000
-0.061393 -0.135278 0.036400 0.000000 0.000000 0.000000
-0.025880 -0.139492 0.027812 0.000000 0.000000 0.000000
0.004189 -0.136373 0.024248 0.000000 0.000000 0.000000
0.026880 -0.124520 0.039576 0.000000 0.000000 0.000000
0.050340 -0.104279 0.064080 0.000000 0.000000 0.000000
0.072565 -0.087602 0.077836 0.000000 0.000000 0.000000
0.089617 -0.088657 0.059132 0.000000 0.000000 0.000000
0.100870 -0.111783 0.035928 0.000000 0.000000 0.000000
0.100120 -0.133208 0.029732 0.000000 0.000000 0.000000
0.087398 -0.131884 0.018680 0.000000 0.000000 0.000000
0.069951 -0.120056 0.016628 0.000000 0.000000 0.000000
0.045551 -0.109738 0.016516 0.000000 0.000000 0.000000
0.016577 -0.098620 -0.010272 0.000000 0.000000 0.000000
-0.000860 -0.085033 -0.042452 0.000000 0.000000 0.000000
0.007683 -0.066147 -0.049932 0.000000 0.000000 0.000000
0.035953 -0.040327 -0.026976 0.000000 0.000000 0.000000
0.065142 -0.013602 0.002108 0.000000 0.000000 0.000000
0.084928 0.013912 0.002108 0.000000 0.000000 0.000000
0.094106 0.047955 -0.002232 0.000000 0.000000 0.000000
0.097670 0.086603 -0.032968 0.000000 0.000000 0.000000
0.100515 0.118691 -0.105872 0.000000 0.000000 0.000000
0.102774 0.136463 -0.155476 0.000000 0.000000 0.000000
0.103824 0.147411 -0.134892 0.000000 0.000000 0.000000
0.099825 0.157718 -0.064752 0.000000 0.000000 0.000000
0.091467 0.163847 -0.017700 0.000000 0.000000 0.000000
0.085253 0.164002 0.008536 0.000000 0.000000 0.000000
0.082334 0.159458 0.033552 0.000000 0.000000 0.000000
0.082898 0.149510 0.017556 0.000000 0.000000 0.000000
0.089332 0.124300 -0.030676 0.000000 0.000000 0.000000
0.097840 0.087103 -0.065732 0.000000 0.000000 0.000000
0.106529 0.053684 -0.067264 0.000000 0.000000 0.000000
0.121216 0.024855 -0.026060 0.000000 0.000000 0.000000
0.140787 -0.002420 0.018292 0.000000 0.000000 0.000000
0.153369 -0.023080 0.029608 0.000000 0.000000 0.000000
0.153949 -0.036733 0.022952 0.000000 0.000000 0.000000
0.149440 -0.048420 0.011524 0.000000 0.000000 0.000000
0.142961 -0.060598 0.003564 0.000000 0.000000 0.000000
0.124820 -0.070716 0.019748 0.000000 0.000000 0.000000
0.099465 -0.069351 0.044396 0.000000 0.000000 0.000000
0.091337 -0.057868 0.050520 0.000000 0.000000 0.000000
0.091572 -0.040772 0.028624 0.000000 0.000000 0.000000
0.075565 -0.014457 -0.017172 0.000000 0.000000 0.000000
0.049320 0.010503 -0.033108 0.000000 0.000000 0.000000
0.021106 0.034038 -0.005208 0.000000 0.000000 0.000000
-0.009638 0.065287 0.033216 0.000000 0.000000 0.000000
-0.029489 0.072525 0.061336 0.000000 0.000000 0.000000
-0.025545 0.025635 0.087540 0.000000 0.000000 0.000000
-0.007079 -0.054424 0.080192 0.000000 0.000000 0.000000
0.019346 -0.118846 0.022488 0.000000 0.000000 0.000000
0.056909 -0.150475 -0.011408 0.000000 0.000000 0.000000
0.096001 -0.177669 -0.030312 0.000000 0.000000 0.000000
0.125535 -0.207463 -0.068996 0.000000 0.000000 0.000000
0.145536 -0.219931 -0.090700 0.000000 0.000000 0.000000
0.154384 -0.211383 -0.089808 0.000000 0.000000 0.000000
0.151370 -0.190472 -0.072936 0.000000 0.000000 0.000000
0.139247 -0.154224 -0.043952 0.000000 0.000000 0.000000
0.121341 -0.092591 -0.025752 0.000000 0.000000 0.000000
0.104604 -0.026225 -0.020976 0.000000 0.000000 0.000000
0.091437 0.012922 -0.014352 0.000000 0.000000 0.000000
0.079164 0.036338 -0.008532 0.000000 0.000000 0.000000
0.067611 0.062732 -0.014424 0.000000 0.000000 0.000000
0.056684 0.082578 -0.023616 0.000000 0.000000 0.000000
0.051670 0.083418 -0.028340 0.000000 0.000000 0.000000
0.057399 0.067946 -0.019392 0.000000 0.000000 0.000000
0.063647 0.051640 0.000304 0.000000 0.000000 0.000000
0.062937 0.038422 -0.009640 0.000000 0.000000 0.000000
0.058933 0.022176 -0.054380 0.000000 0.000000 0.000000
0.055184 -0.000155 -0.067252 0.000000 0.000000 0.000000
0.046021 -0.016962 -0.045400 0.000000 0.000000 0.000000
0.022710 -0.016897 -0.040356 0.000000 0.000000 0.000000
-0.008698 -0.010443 -0.047952 0.000000 0.000000 0.000000
-0.038922 -0.004529 -0.036888 0.000000 0.000000 0.000000
-0.063867 -0.007833 -0.004540 0.000000 0.000000 0.000000
-0.080659 -0.035448 0.027720 0.000000 0.000000 0.000000
-0.090422 -0.071241 0.036748 0.000000 0.000000 0.000000
-0.095751 -0.089192 0.024048 0.000000 0.000000 0.000000
-0.098315 -0.084288 0.008156 0.000000 0.000000 0.000000
-0.095776 -0.081919 -0.019980 0.000000 0.000000 0.000000
-0.088657 -0.112627 -0.055468 0.000000 0.000000 0.000000
-0.079209 -0.155189 -0.072008 0.000000 0.000000 0.000000
-0.063837 -0.203259 -0.070304 0.000000 0.000000 0.000000
-0.042801 -0.259283 -0.046976 0.000000 0.000000 0.000000
-0.022451 -0.281059 -0.006420 0.000000 0.000000 0.000000
-0.004964 -0.263477 0.029236 0.000000 0.000000 0.000000
0.009648 -0.228634 0.045100 0.000000 0.000000 0.000000
0.020081 -0.171851 0.055192 0.000000 0.000000 0.000000
0.027984 -0.098365 0.060440 0.000000 0.000000 0.000000
0.033973 -0.023910 0.050788 0.000000 0.000000 0.000000
0.039002 0.051415 0.037792 0.000000 0.000000 0.000000
0.042097 0.128364 0.040280 0.000000 0.000000 0.000000
0.032878 0.187148 0.073628 0.000000 0.000000 0.000000
0.013397 0.215482 0.089052 0.000000 0.000000 0.000000
-0.000870 0.221856 0.057648 0.000000 0.000000 0.000000
-0.008563 0.205034 0.020488 0.000000 0.000000 0.000000
-0.017756 0.175455 -0.023852 0.000000 0.000000 0.000000
-0.025060 0.153679 -0.043508 0.000000 0.000000 0.000000
-0.020156 0.151020 -0.012016 0.000000 0.000000 0.000000
0.003689 0.164257 0.041560 0.000000 0.000000 0.000000
0.042571 0.169076 0.102060 0.000000 0.000000 0.000000
0.086273 0.158363 0.133956 0.000000 0.000000 0.000000
0.128489 0.126405 0.106380 0.000000 0.000000 0.000000
0.157119 0.076660 0.051884 0.000000 0.000000 0.000000
0.167102 0.057254 -0.006104 0.000000 0.000000 0.000000
0.165267 0.081149 -0.049296 0.000000 0.000000 0.000000
0.144141 0.119401 -0.068252 0.000000 0.000000 0.000000
0.100455 0.164997 -0.073336 0.000000 0.000000 0.000000
0.050075 0.204984 -0.064916 0.000000 0.000000 0.000000
0.002280 0.217407 -0.046768 0.000000 0.000000 0.000000
-0.043461 0.213742 -0.036012 0.000000 0.000000 0.000000
-0.085138 0.202360 -0.035424 0.000000 0.000000 0.000000
-0.110933 0.154874 0.003540 0.000000 0.000000 0.000000
-0.108703 0.081574 0.037176 0.000000 0.000000 0.000000
-0.091562 0.027984 0.040780 0.000000 0.000000 0.000000
-0.085078 -0.012248 0.027332 0.000000 0.000000 0.000000
-0.085983 -0.070701 -0.004400 0.000000 0.000000 0.000000
-0.083058 -0.132648 -0.033492 0.000000 0.000000 0.000000
-0.084683 -0.163142 -0.048812 0.000000 0.000000 0.000000
-0.095151 -0.175445 -0.049032 0.000000 0.000000 0.000000
-0.108378 -0.184393 -0.044212 0.000000 0.000000 0.000000
-0.119096 -0.178069 -0.038216 0.000000 0.000000 0.000000
-0.122915 -0.157284 -0.030272 0.000000 0.000000 0.000000
-0.120746 -0.104044 -0.035972 0.000000 0.000000 0.000000
-0.115397 -0.023945 -0.049360 0.000000 0.000000 0.000000
-0.098435 0.030754 -0.035828 0.000000 0.000000 0.000000
-0.070076 0.064212 -0.004640 0.000000 0.000000 0.000000
-0.047500 0.091107 0.001168 0.000000 0.000000 0.000000
-0.032863 0.096061 -0.014424 0.000000 0.000000 0.000000
-0.017966 0.083013 -0.022140 0.000000 0.000000 0.000000
-0.003799 0.058063 -0.014116 0.000000 0.000000 0.000000
0.008018 0.029709 -0.005356 0.000000 0.000000 0.000000
0.019841 0.008543 0.005692 0.000000 0.000000 0.000000
0.036693 -0.002929 0.012524 0.000000 0.000000 0.000000
0.056354 0.000125 -0.009488 0.000000 0.000000 0.000000
0.070486 0.035923 -0.042492 0.000000 0.000000 0.000000
0.079349 0.098950 -0.054296 0.000000 0.000000 0.000000
0.084193 0.141432 -0.038756 0.000000 0.000000 0.000000
0.085748 0.154079 0.003296 0.000000 0.000000 0.000000
0.084648 0.169021 0.052324 0.000000 0.000000 0.000000
0.075570 0.185793 0.058016 0.000000 0.000000 0.000000
0.056019 0.188557 0.031868 0.000000 0.000000 0.000000
0.030554 0.180704 0.013696 0.000000 0.000000 0.000000
0.001650 0.162807 0.012968 0.000000 0.000000 0.000000
-0.029394 0.123160 0.021856 0.000000 0.000000 0.000000
-0.055334 0.069031 0.026112 0.000000 0.000000 0.000000
-0.074470 0.019031 0.003760 0.000000 0.000000 0.000000
-0.091387 -0.030024 -0.028572 0.000000 0.000000 0.000000
-0.102215 -0.070481 -0.048568 0.000000 0.000000 0.000000
-0.101835 -0.075150 -0.057248 0.000000 0.000000 0.000000
-0.093641 -0.059013 -0.058992 0.000000 0.000000 0.000000
-0.085988 -0.036233 -0.035092 0.000000 0.000000 0.000000
-0.083163 0.014072 0.011488 0.000000 0.000000 0.000000
-0.084173 0.068231 0.041232 0.000000 0.000000 0.000000
-0.088192 0.093791 0.059732 0.000000 0.000000 0.000000
-0.088442 0.104769 0.052256 0.000000 0.000000 0.000000
-0.078279 0.111823 0.018408 0.000000 0.000000 0.000000
-0.059213 0.104504 -0.009024 0.000000 0.000000 0.000000
-0.031429 0.084208 -0.025640 0.000000 0.000000 0.000000
-0.002495 0.063237 -0.041008 0.000000 0.000000 0.000000
0.018086 0.044146 -0.050776 0.000000 0.000000 0.000000
0.032459 0.028649 -0.046112 0.000000 0.000000 0.000000
0.045171 0.019101 -0.042316 0.000000 0.000000 0.000000
0.055899 0.014262 -0.029244 0.000000 0.000000 0.000000
0.059838 0.014102 -0.008232 0.000000 0.000000 0.000000
0.058073 0.016807 0.012832 0.000000 0.000000 0.000000
0.057244 0.021631 0.033480 0.000000 0.000000 0.000000
0.058078 0.028299 0.052576 0.000000 0.000000 0.000000
0.058553 0.032813 0.063488 0.000000 0.000000 0.000000
0.056869 0.034133 0.051024 0.000000 0.000000 0.000000
0.052774 0.034733 0.033008 0.000000 0.000000 0.000000
0.048345 0.036738 0.007244 0.000000 0.000000 0.000000
0.038627 0.036868 -0.007308 0.000000 0.000000 0.000000
0.020431 0.025485 0.000400 0.000000 0.000000 0.000000
0.002370 0.002030 -0.020532 0.000000 0.000000 0.000000
-0.015792 -0.027335 -0.053540 0.000000 0.000000 0.000000
-0.038917 -0.054394 -0.059380 0.000000 0.000000 0.000000
-0.058898 -0.069681 -0.044692 0.000000 0.000000 0.000000
-0.071951 -0.069306 -0.029700 0.000000 0.000000 0.000000
-0.084228 -0.053929 -0.009348 0.000000 0.000000 0.000000
-0.094731 -0.034588 0.004448 0.000000 0.000000 0.000000
-0.097865 -0.018666 0.007120 0.000000 0.000000 0.000000
-0.095206 0.001605 0.018080 0.000000 0.000000 0.000000
-0.090677 0.020496 0.001984 0.000000 0.000000 0.000000
-0.079364 0.020721 -0.025716 0.000000 0.000000 0.000000
-0.056874 0.002619 -0.036664 0.000000 0.000000 0.000000
-0.039097 -0.021901 -0.047684 0.000000 0.000000 0.000000
-0.034988 -0.045546 -0.047604 0.000000 0.000000 0.000000
-0.034828 -0.066872 -0.042888 0.000000 0.000000 0.000000
-0.036408 -0.087912 -0.030440 0.000000 0.000000 0.000000
-0.039332 -0.102155 0.013296 0.000000 0.000000 0.000000
-0.038942 -0.105724 0.055068 0.000000 0.000000 0.000000
-0.030259 -0.107324 0.064276 0.000000 0.000000 0.000000
-0.015242 -0.109783 0.037976 0.000000 0.000000 0.000000
-0.004409 -0.110398 0.032440 0.000000 0.000000 0.000000
0.001000 -0.110658 0.064992 0.000000 0.000000 0.000000
0.004959 -0.110403 0.093604 0.000000 0.000000 0.000000
0.005994 -0.108478 0.105040 0.000000 0.000000 0.000000
0.003439 -0.105809 0.093268 0.000000 0.000000 0.000000
-0.003184 -0.103294 0.070756 0.000000 0.000000 0.000000
-0.012458 -0.100825 0.034428 0.000000 0.000000 0.000000
-0.023985 -0.097485 0.000656 0.000000 0.000000 0.000000
-0.038057 -0.090697 0.011428 0.000000 0.000000 0.000000
-0.051490 -0.081504 0.032824 0.000000 0.000000 0.000000
-0.062972 -0.074090 0.009360 0.000000 0.000000 0.000000
-0.072296 -0.067866 -0.024688 0.000000 0.000000 0.000000
-0.078244 -0.061733 -0.006984 0.000000 0.000000 0.000000
-0.081384 -0.061148 0.050872 0.000000 0.000000 0.000000
-0.078874 -0.063932 0.095380 0.000000 0.000000 0.000000
-0.070226 -0.057713 0.074792 0.000000 0.000000 0.000000
-0.064112 -0.040997 0.024108 0.000000 0.000000 0.000000
-0.065602 -0.020141 0.000140 0.000000 0.000000 0.000000
-0.067342 -0.003789 -0.025016 0.000000 0.000000 0.000000
-0.058373 -0.001185 -0.050184 0.000000 0.000000 0.000000
-0.041927 -0.010263 -0.060788 0.000000 0.000000 0.000000
-0.030699 -0.025610 -0.067756 0.000000 0.000000 0.000000
-0.025300 -0.046816 -0.068324 0.000000 0.000000 0.000000
-0.019126 -0.071416 -0.051036 0.000000 0.000000 0.000000
-0.014662 -0.096071 0.030264 0.000000 0.000000 0.000000
-0.014572 -0.112138 0.113804 0.000000 0.000000 0.000000
-0.015482 -0.110133 0.126748 0.000000 0.000000 0.000000
-0.017487 -0.096161 0.103404 0.000000 0.000000 0.000000
-0.021131 -0.078294 0.061680 0.000000 0.000000 0.000000
-0.023175 -0.059683 0.015140 0.000000 0.000000 0.000000
-0.023920 -0.045061 -0.025780 0.000000 0.000000 0.000000
-0.023025 -0.031539 -0.046892 0.000000 0.000000 0.000000
-0.018831 -0.019116 -0.049460 0.000000 0.000000 0.000000
-0.004474 -0.015722 -0.044344 0.000000 0.000000 0.000000
0.028239 -0.007968 -0.045780 0.000000 0.000000 0.000000
0.062233 0.021506 -0.055624 0.000000 0.000000 0.000000
0.086223 0.056944 -0.050316 0.000000 0.000000 0.000000
0.113317 0.078694 -0.016520 0.000000 0.000000 0.000000
0.132563 0.088907 0.018392 0.000000 0.000000 0.000000
0.131684 0.098100 0.047832 0.000000 0.000000 0.000000
0.125220 0.102544 0.096688 0.000000 0.000000 0.000000
0.122106 0.097965 0.161284 0.000000 0.000000 0.000000
0.101430 0.092367 0.162928 0.000000 0.000000 0.000000
0.054389 0.088867 0.076640 0.000000 0.000000 0.000000
0.012722 0.082608 -0.020032 0.000000 0.000000 0.000000
-0.008298 0.070591 -0.107572 0.000000 0.000000 0.000000
-0.018396 0.057673 -0.164996 0.000000 0.000000 0.000000
-0.022166 0.046001 -0.156860 0.000000 0.000000 0.000000
-0.016392 0.033993 -0.133076 0.000000 0.000000 0.000000
0.001980 0.020846 -0.126500 0.000000 0.000000 0.000000
0.022955 0.004864 -0.138604 0.000000 0.000000 0.000000
0.033758 -0.011783 -0.156884 0.000000 0.000000 0.000000
0.033433 -0.023515 -0.135148 0.000000 0.000000 0.000000
0.029349 -0.031629 -0.032440 0.000000 0.000000 0.000000
0.025860 -0.038562 0.090460 0.000000 0.000000 0.000000
0.022760 -0.039122 0.146040 0.000000 0.000000 0.000000
0.020706 -0.029749 0.151736 0.000000 0.000000 0.000000
0.019936 -0.019131 0.103268 0.000000 0.000000 0.000000
0.018491 -0.011813 0.017164 0.000000 0.000000 0.000000
0.017496 -0.005794 -0.063408 0.000000 0.000000 0.000000
0.022356 -0.002714 -0.122604 0.000000 0.000000 0.000000
0.025990 -0.005544 -0.141428 0.000000 0.000000 0.000000
0.013287 -0.018066 -0.127212 0.000000 0.000000 0.000000
-0.008208 -0.037283 -0.097680 0.000000 0.000000 0.000000
-0.027125 -0.059753 -0.060952 0.000000 0.000000 0.000000
-0.045766 -0.084208 -0.021888 0.000000 0.000000 0.000000
-0.064892 -0.104249 0.019316 0.000000 0.000000 0.000000
-0.074045 -0.118316 0.047172 0.000000 0.000000 0.000000
-0.063542 -0.130264 0.061664 0.000000 0.000000 0.000000
-0.044341 -0.139457 0.069804 0.000000 0.000000 0.000000
-0.028334 -0.141947 0.070436 0.000000 0.000000 0.000000
-0.013167 -0.134388 0.052412 0.000000 0.000000 0.000000
0.003219 -0.118981 0.006356 0.000000 0.000000 0.000000
0.016382 -0.088977 -0.014216 0.000000 0.000000 0.000000
0.027435 -0.041632 -0.019688 0.000000 0.000000 0.000000
0.034318 -0.001650 -0.038268 0.000000 0.000000 0.000000
0.024445 0.031554 -0.092244 0.000000 0.000000 0.000000
0.001050 0.075225 -0.162684 0.000000 0.000000 0.000000
-0.019456 0.108403 -0.160240 0.000000 0.000000 0.000000
-0.023590 0.118001 -0.091764 0.000000 0.000000 0.000000
-0.010503 0.118786 -0.007168 0.000000 0.000000 0.000000
0.006699 0.119671 0.060644 0.000000 0.000000 0.000000
0.025520 0.112877 0.100128 0.000000 0.000000 0.000000
0.050160 0.096746 0.104424 0.000000 0.000000 0.000000
0.075050 0.078954 0.085256 0.000000 0.000000 0.000000
0.101805 0.059448 0.039176 0.000000 0.000000 0.000000
0.132464 0.043341 -0.023776 0.000000 0.000000 0.000000
0.150840 0.038442 -0.062124 0.000000 0.000000 0.000000
0.156284 0.044686 -0.068384 0.000000 0.000000 0.000000
0.159308 0.055589 -0.068148 0.000000 0.000000 0.000000
0.151810 0.058473 -0.053308 0.000000 0.000000 0.000000
0.132239 0.053379 -0.004016 0.000000 0.000000 0.000000
0.109553 0.042726 0.049640 0.000000 0.000000 0.000000
0.085753 0.027729 0.111728 0.000000 0.000000 0.000000
0.062607 0.021436 0.157376 0.000000 0.000000 0.000000
0.044356 0.021511 0.179572 0.000000 0.000000 0.000000
0.029829 0.008243 0.187616 0.000000 0.000000 0.000000
0.016402 -0.023270 0.153460 0.000000 0.000000 0.000000
0.004629 -0.060188 0.073676 0.000000 0.000000 0.000000
-0.004664 -0.084573 -0.026960 0.000000 0.000000 0.000000
-0.014257 -0.093086 -0.071604 0.000000 0.000000 0.000000
-0.026715 -0.087128 -0.062992 0.000000 0.000000 0.000000
-0.041582 -0.056139 -0.039048 0.000000 0.000000 0.000000
-0.059208 -0.015907 -0.007188 0.000000 0.000000 0.000000
-0.079364 0.012113 0.039680 0.000000 0.000000 0.000000
-0.101545 0.034593 0.108404 0.000000 0.000000 0.000000
-0.124770 0.050505 0.142288 0.000000 0.000000 0.000000
-0.143271 0.059523 0.152136 0.000000 0.000000 0.000000
-0.154164 0.080539 0.148780 0.000000 0.000000 0.000000
-0.155864 0.112672 0.096692 0.000000 0.000000 0.000000
-0.145021 0.138032 0.021132 0.000000 0.000000 0.000000
-0.129089 0.149035 -0.049980 0.000000 0.000000 0.000000
-0.120951 0.144741 -0.082796 0.000000 0.000000 0.000000
-0.116747 0.130359 -0.076744 0.000000 0.000000 0.000000
-0.089037 0.107209 -0.083360 0.000000 0.000000 0.000000
-0.051850 0.076765 -0.103132 0.000000 0.000000 0.000000
-0.039242 0.044806 -0.110240 0.000000 0.000000 0.000000
-0.032179 0.008538 -0.106216 0.000000 0.000000 0.000000
-0.010108 -0.031009 -0.095532 0.000000 0.000000 0.000000
0.016267 -0.065357 -0.070096 0.000000 0.000000 0.000000
0.036443 -0.081224 -0.015416 0.000000 0.000000 0.000000
0.053429 -0.080124 0.059476 0.000000 0.000000 0.000000
0.065022 -0.074380 0.113976 0.000000 0.000000 0.000000
0.060703 -0.061863 0.129500 0.000000 0.000000 0.000000
0.046656 -0.045456 0.116084 0.000000 0.000000 0.000000
0.038442 -0.034448 0.090116 0.000000 0.000000 0.000000
0.032454 -0.027120 0.063840 0.000000 0.000000 0.000000
0.023930 -0.022570 0.019980 0.000000 0.000000 0.000000
0.027290 -0.022381 -0.028232 0.000000 0.000000 0.000000
0.039547 -0.023635 -0.062632 0.000000 0.000000 0.000000
0.041727 -0.027519 -0.067060 0.000000 0.000000 0.000000
0.032139 -0.034633 -0.039188 0.000000 0.000000 0.000000
0.022416 -0.041847 -0.010228 0.000000 0.000000 0.000000
0.001725 -0.046156 -0.004836 0.000000 0.000000 0.000000
-0.032558 -0.046116 0.016032 0.000000 0.000000 0.000000
-0.035758 -0.044751 0.044736 0.000000 0.000000 0.000000
-0.009448 -0.037847 0.028516 0.000000 0.000000 0.000000
0.004994 -0.020911 0.026096 0.000000 0.000000 0.000000
0.002514 -0.002070 0.035300 0.000000 0.000000 0.000000
-0.010458 0.014857 0.007692 0.000000 0.000000 0.000000
-0.027355 0.031699 -0.041928 0.000000 0.000000 0.000000
-0.044991 0.049605 -0.082688 0.000000 0.000000 0.000000
-0.063547 0.073795 -0.101684 0.000000 0.000000 0.000000
-0.076805 0.093171 -0.119296 0.000000 0.000000 0.000000
-0.082274 0.093346 -0.113652 0.000000 0.000000 0.000000
-0.086243 0.089822 -0.066632 0.000000 0.000000 0.000000
-0.094271 0.096381 -0.016000 0.000000 0.000000 0.000000
-0.105794 0.104339 0.021256 0.000000 0.000000 0.000000
-0.106889 0.108423 0.039380 0.000000 0.000000 0.000000
-0.089297 0.108398 0.034920 0.000000 0.000000 0.000000
-0.070181 0.090137 0.014092 0.000000 0.000000 0.000000
-0.059143 0.053669 -0.018324 0.000000 0.000000 0.000000
-0.047436 0.021851 -0.030828 0.000000 0.000000 0.000000
-0.033773 -0.001855 -0.027624 0.000000 0.000000 0.000000
-0.018021 -0.023905 -0.044836 0.000000 0.000000 0.000000
0.002385 -0.035588 -0.062504 0.000000 0.000000 0.000000
0.022505 -0.029094 -0.043860 0.000000 0.000000 0.000000
0.034443 -0.014307 -0.012284 0.000000 0.000000 0.000000
0.034778 0.006914 0.008600 0.000000 0.000000 0.000000
0.026130 0.040772 0.012812 0.000000 0.000000 0.000000
0.014247 0.072366 0.011832 0.000000 0.000000 0.000000
0.002624 0.080409 0.015432 0.000000 0.000000 0.000000
-0.009033 0.065477 0.010180 0.000000 0.000000 0.000000
-0.020741 0.041957 0.021320 0.000000 0.000000 0.000000
-0.036588 0.017701 0.065072 0.000000 0.000000 0.000000
-0.051925 -0.004809 0.093512 0.000000 0.000000 0.000000
-0.049205 -0.024645 0.076480 0.000000 0.000000 0.000000
-0.036138 -0.043961 0.014712 0.000000 0.000000 0.000000
-0.031249 -0.063572 -0.044960 0.000000 0.000000 0.000000
-0.031069 -0.082104 -0.077252 0.000000 0.000000 0.000000
-0.027380 -0.097910 -0.097052 0.000000 0.000000 0.000000
-0.021306 -0.104659 -0.086368 0.000000 0.000000 0.000000
-0.015597 -0.098180 -0.028424 0.000000 0.000000 0.000000
-0.012517 -0.094046 0.031952 0.000000 0.000000 0.000000
-0.010968 -0.100640 0.076548 0.000000 0.000000 0.000000
-0.006764 -0.098435 0.096760 0.000000 0.000000 0.000000
-0.001240 -0.080919 0.071232 0.000000 0.000000 0.000000
-0.002549 -0.062992 0.027768 0.000000 0.000000 0.000000
-0.009688 -0.046411 -0.009904 0.000000 0.000000 0.000000
-0.010513 -0.024485 -0.031708 0.000000 0.000000 0.000000
0.005594 -0.001915 -0.045676 0.000000 0.000000 0.000000
0.028434 0.013417 -0.052136 0.000000 0.000000 0.000000
0.031754 0.025125 -0.056288 0.000000 0.000000 0.000000
0.015172 0.037103 -0.061840 0.000000 0.000000 0.000000
0.004669 0.047690 -0.042424 0.000000 0.000000 0.000000
0.008328 0.057763 -0.011092 0.000000 0.000000 0.000000
0.014982 0.061868 0.011384 0.000000 0.000000 0.000000
0.018836 0.056174 0.030284 0.000000 0.000000 0.000000
0.022381 0.046431 0.037140 0.000000 0.000000 0.000000
0.024925 0.031939 0.026140 0.000000 0.000000 0.000000
0.020341 0.012303 0.016032 0.000000 0.000000 0.000000
0.009888 -0.007673 -0.012316 0.000000 0.000000 0.000000
0.002075 -0.028379 -0.054504 0.000000 0.000000 0.000000
-0.004669 -0.050380 -0.037312 0.000000 0.000000 0.000000
-0.019241 -0.071996 -0.003080 0.000000 0.000000 0.000000
-0.039922 -0.091487 0.020652 0.000000 0.000000 0.000000
-0.060973 -0.104379 0.045912 0.000000 0.000000 0.000000
-0.076040 -0.106879 0.030192 0.000000 0.000000 0.000000
-0.072835 -0.102435 -0.018076 0.000000 0.000000 0.000000
-0.056474 -0.097096 -0.063672 0.000000 0.000000 0.000000
-0.042217 -0.092097 -0.069680 0.000000 0.000000 0.000000
-0.029214 -0.085388 -0.059188 0.000000 0.000000 0.000000
-0.013152 -0.074490 -0.050576 0.000000 0.000000 0.000000
0.004369 -0.062512 -0.049616 0.000000 0.000000 0.000000
0.022331 -0.057533 -0.062476 0.000000 0.000000 0.000000
0.040027 -0.060893 -0.080156 0.000000 0.000000 0.000000
0.050470 -0.071606 -0.082724 0.000000 0.000000 0.000000
0.048265 -0.087398 -0.061704 0.000000 0.000000 0.000000
0.041527 -0.103869 -0.024464 0.000000 0.000000 0.000000
0.038387 -0.122006 0.028760 0.000000 0.000000 0.000000
0.042961 -0.143506 0.068664 0.000000 0.000000 0.000000
0.062238 -0.154789 0.075668 0.000000 0.000000 0.000000
0.070036 -0.150175 0.056468 0.000000 0.000000 0.000000
0.072555 -0.139807 0.031012 0.000000 0.000000 0.000000
0.078169 -0.124775 0.002268 0.000000 0.000000 0.000000
0.077554 -0.105704 -0.019564 0.000000 0.000000 0.000000
0.057039 -0.078854 -0.011496 0.000000 0.000000 0.000000
0.026125 -0.043981 0.010988 0.000000 0.000000 0.000000
-0.000965 -0.022341 0.028272 0.000000 0.000000 0.000000
-0.024115 -0.003904 0.031748 0.000000 0.000000 0.000000
-0.043616 0.009598 0.018008 0.000000 0.000000 0.000000
-0.056599 0.015067 0.001244 0.000000 0.000000 0.000000
-0.064302 0.016547 -0.012480 0.000000 0.000000 0.000000
-0.061593 0.023205 -0.010368 0.000000 0.000000 0.000000
-0.047466 0.037872 -0.003108 0.000000 0.000000 0.000000
-0.036498 0.053969 0.007908 0.000000 0.000000 0.000000
-0.033378 0.064762 0.002472 0.000000 0.000000 0.000000
-0.027564 0.072840 -0.039672 0.000000 0.000000 0.000000
-0.012787 0.081074 -0.075712 0.000000 0.000000 0.000000
0.007204 0.082808 -0.084176 0.000000 0.000000 0.000000
0.029164 0.075100 -0.055364 0.000000 0.000000 0.000000
0.053324 0.067621 -0.009008 0.000000 0.000000 0.000000
0.080059 0.060453 0.032956 0.000000 0.000000 0.000000
0.106754 0.043581 0.061996 0.000000 0.000000 0.000000
0.128409 0.020726 0.056572 0.000000 0.000000 0.000000
0.145711 0.003709 0.034176 0.000000 0.000000 0.000000
0.159223 -0.009778 0.016104 0.000000 0.000000 0.000000
0.169426 -0.024885 0.024460 0.000000 0.000000 0.000000
0.180099 -0.040782 0.049712 0.000000 0.000000 0.000000
0.178784 -0.050710 0.086800 0.000000 0.000000 0.000000
0.157344 -0.050470 0.125548 0.000000 0.000000 0.000000
0.132508 -0.045921 0.129400 0.000000 0.000000 0.000000
0.111303 -0.036558 0.121624 0.000000 0.000000 0.000000
0.091567 -0.019136 0.126092 0.000000 0.000000 0.000000
0.080529 -0.002704 0.139628 0.000000 0.000000 0.000000
0.080914 0.007099 0.152928 0.000000 0.000000 0.000000
0.088652 0.015342 0.138292 0.000000 0.000000 0.000000
0.097840 0.025170 0.099576 0.000000 0.000000 0.000000
0.100015 0.035893 0.053964 0.000000 0.000000 0.000000
0.092122 0.043836 0.014400 0.000000 0.000000 0.000000
0.077554 0.048070 -0.013016 0.000000 0.000000 0.000000
0.054824 0.049550 -0.027428 0.000000 0.000000 0.000000
0.024145 0.039937 -0.043580 0.000000 0.000000 0.000000
-0.005609 0.016207 -0.072760 0.000000 0.000000 0.000000
-0.027040 -0.007329 -0.088896 0.000000 0.000000 0.000000
-0.042087 -0.020566 -0.069132 0.000000 0.000000 0.000000
-0.057768 -0.025230 -0.021656 0.000000 0.000000 0.000000
-0.071246 -0.017591 0.014752 0.000000 0.000000 0.000000
-0.077589 0.003549 0.024784 0.000000 0.000000 0.000000
-0.079774 0.022276 0.010072 0.000000 0.000000 0.000000
-0.079359 0.027779 -0.028532 0.000000 0.000000 0.000000
-0.075635 0.029694 -0.067084 0.000000 0.000000 0.000000
-0.069141 0.035068 -0.108900 0.000000 0.000000 0.000000
-0.057289 0.047176 -0.148476 0.000000 0.000000 0.000000
-0.037178 0.079869 -0.138356 0.000000 0.000000 0.000000
-0.015337 0.112183 -0.081600 0.000000 0.000000 0.000000
0.000225 0.121606 -0.038744 0.000000 0.000000 0.000000
0.008283 0.128679 -0.014360 0.000000 0.000000 0.000000
0.006514 0.141272 0.004476 0.000000 0.000000 0.000000
-0.003359 0.149775 0.000688 0.000000 0.000000 0.000000
-0.013477 0.154314 -0.011440 0.000000 0.000000 0.000000
-0.016492 0.155969 -0.015796 0.000000 0.000000 0.000000
-0.011913 0.152644 -0.003024 0.000000 0.000000 0.000000
-0.006309 0.146696 0.019668 0.000000 0.000000 0.000000
-0.000550 0.134128 0.049536 0.000000 0.000000 0.000000
0.011743 0.106589 0.072728 0.000000 0.000000 0.000000
0.028644 0.073895 0.080168 0.000000 0.000000 0.000000
0.047216 0.055849 0.080968 0.000000 0.000000 0.000000
0.064627 0.046966 0.071348 0.000000 0.000000 0.000000
0.070051 0.035673 0.052344 0.000000 0.000000 0.000000
0.066192 0.031909 0.035924 0.000000 0.000000 0.000000
0.062063 0.036568 0.039664 0.000000 0.000000 0.000000
0.056789 0.044896 0.043256 0.000000 0.000000 0.000000
0.049515 0.056939 0.033896 0.000000 0.000000 0.000000
0.038892 0.064802 0.040220 0.000000 0.000000 0.000000
0.021816 0.066857 0.047708 0.000000 0.000000 0.000000
0.003154 0.067167 0.053548 0.000000 0.000000 0.000000
-0.010588 0.061578 0.059692 0.000000 0.000000 0.000000
-0.020021 0.044326 0.047876 0.000000 0.000000 0.000000
-0.026595 0.020131 0.031880 0.000000 0.000000 0.000000
-0.029759 -0.002554 0.017512 0.000000 0.000000 0.000000
-0.030704 -0.022885 -0.007380 0.000000 0.000000 0.000000
-0.029939 -0.044541 -0.018400 0.000000 0.000000 0.000000
-0.026705 -0.063762 -0.010088 0.000000 0.000000 0.000000
-0.022725 -0.074810 0.003300 0.000000 0.000000 0.000000
-0.019921 -0.081009 -0.001228 0.000000 0.000000 0.000000
-0.018631 -0.084658 -0.018788 0.000000 0.000000 0.000000
-0.018481 -0.084678 -0.029964 0.000000 0.000000 0.000000
-0.020961 -0.081309 -0.044764 0.000000 0.000000 0.000000
-0.027764 -0.076415 -0.041660 0.000000 0.000000 0.000000
-0.035423 -0.070991 -0.020972 0.000000 0.000000 0.000000
-0.040597 -0.062088 0.003460 0.000000 0.000000 0.000000
-0.043606 -0.050015 0.028252 0.000000 0.000000 0.000000
-0.044846 -0.036178 0.034752 0.000000 0.000000 0.000000
-0.044496 -0.020716 0.023856 0.000000 0.000000 0.000000
-0.042571 -0.006524 0.011712 0.000000 0.000000 0.000000
-0.038872 0.005069 -0.008100 0.000000 0.000000 0.000000
-0.034473 0.014077 -0.024564 0.000000 0.000000 0.000000
-0.030284 0.018606 -0.014708 0.000000 0.000000 0.000000
-0.026080 0.018626 0.001696 0.000000 0.000000 0.000000
-0.022426 0.017172 0.012648 0.000000 0.000000 0.000000
-0.020346 0.013157 0.016532 0.000000 0.000000 0.000000
-0.019336 0.006929 0.004212 0.000000 0.000000 0.000000
-0.018406 0.005119 -0.033680 0.000000 0.000000 0.000000
-0.017636 0.007444 -0.069148 0.000000 0.000000 0.000000
-0.017092 0.008333 -0.071932 0.000000 0.000000 0.000000
-0.016607 0.007678 -0.052676 0.000000 0.000000 0.000000
-0.016232 0.007489 -0.026804 0.000000 0.000000 0.000000
-0.016002 0.007788 -0.015952 0.000000 0.000000 0.000000
-0.015972 0.006564 -0.041420 0.000000 0.000000 0.000000
-0.015987 0.003024 -0.079172 0.000000 0.000000 0.000000
-0.016177 -0.001520 -0.094380 0.000000 0.000000 0.000000
-0.016812 -0.006474 -0.069676 0.000000 0.000000 0.000000
-0.017237 -0.010963 -0.028508 0.000000 0.000000 0.000000
-0.016957 -0.014297 0.019600 0.000000 0.000000 0.000000
-0.016397 -0.016577 0.056744 0.000000 0.000000 0.000000
-0.015892 -0.017487 0.044444 0.000000 0.000000 0.000000
-0.015127 -0.016977 0.037640 0.000000 0.000000 0.000000
-0.013827 -0.015197 0.046060 0.000000 0.000000 0.000000
-0.012213 -0.012687 0.046596 0.000000 0.000000 0.000000
-0.010653 -0.010963 0.039432 0.000000 0.000000 0.000000
-0.009303 -0.010343 0.009520 0.000000 0.000000 0.000000
-0.008133 -0.010098 -0.042356 0.000000 0.000000 0.000000
-0.007134 -0.010093 -0.082228 0.000000 0.000000 0.000000
-0.006294 -0.010488 -0.081456 0.000000 0.000000 0.000000
-0.005599 -0.011098 -0.069752 0.000000 0.000000 0.000000
-0.005099 -0.011653 -0.050504 0.000000 0.000000 0.000000
-0.004719 -0.012138 -0.033528 0.000000 0.000000 0.000000
-0.004369 -0.012712 -0.039512 0.000000 0.000000 0.000000
-0.004049 -0.013347 -0.038808 0.000000 0.000000 0.000000
-0.003719 -0.013732 -0.017196 0.000000 0.000000 0.000000
-0.003354 -0.013767 0.004416 0.000000 0.000000 0.000000
-0.002984 -0.013622 0.020272 0.000000 0.000000 0.000000
-0.002614 -0.013352 0.036564 0.000000 0.000000 0.000000
-0.002260 -0.012907 0.036744 0.000000 0.000000 0.000000
-0.001925 -0.012288 0.017308 0.000000 0.000000 0.000000
-0.001605 -0.011608 0.002248 0.000000 0.000000 0.000000
-0.001290 -0.010988 0.006608 0.000000 0.000000 0.000000
-0.000985 -0.010473 0.009800 0.000000 0.000000 0.000000
-0.000680 -0.010048 0.011704 0.000000 0.000000 0.000000
-0.000375 -0.009608 0.013292 0.000000 0.000000 0.000000
-0.000070 -0.009098 -0.004224 0.000000 0.000000 0.000000
0.000230 -0.008613 -0.034796 0.000000 0.000000 0.000000
0.000530 -0.008158 -0.044240 0.000000 0.000000 0.000000
0.000825 -0.007698 -0.023268 0.000000 0.000000 0.000000
0.001115 -0.007239 0.008472 0.000000 0.000000 0.000000
0.001400 -0.006779 0.030788 0.000000 0.000000 0.000000
0.001680 -0.006324 0.028776 0.000000 0.000000 0.000000
0.001950 -0.005874 0.025804 0.000000 0.000000 0.000000
0.002215 -0.005434 0.026024 0.000000 0.000000 0.000000
0.002470 -0.005004 0.014788 0.000000 0.000000 0.000000
0.002719 -0.004579 0.015748 0.000000 0.000000 0.000000
0.002964 -0.004159 0.024576 0.000000 0.000000 0.000000
0.003199 -0.003749 0.028004 0.000000 0.000000 0.000000
0.003424 -0.003349 0.040732 0.000000 0.000000 0.000000
0.003644 -0.002954 0.035408 0.000000 0.000000 0.000000
0.003854 -0.002569 0.009160 0.000000 0.000000 0.000000
