2.573999999999999899e-03
2.585000000000000058e-03
2.611000000000000040e-03
2.642999999999999950e-03
2.674999999999999861e-03
2.719000000000000063e-03
2.784000000000000016e-03
2.854999999999999899e-03
2.890000000000000208e-03
2.792999999999999910e-03
2.582000000000000094e-03
2.507000000000000114e-03
2.667999999999999799e-03
2.863000000000000093e-03
2.936999999999999941e-03
2.981999999999999842e-03
2.867999999999999890e-03
2.407999999999999984e-03
2.037999999999999881e-03
2.266999999999999918e-03
2.892000000000000039e-03
3.243999999999999922e-03
3.183000000000000065e-03
2.949999999999999931e-03
2.488000000000000194e-03
1.685999999999999999e-03
1.131000000000000061e-03
1.809000000000000061e-03
3.608000000000000096e-03
5.427999999999999665e-03
6.598999999999999831e-03
7.703999999999999911e-03
8.307999999999999413e-03
7.435999999999999902e-03
6.688999999999999634e-03
7.922999999999999488e-03
1.075100000000000014e-02
1.227299999999999919e-02
9.707999999999999616e-03
6.820999999999999806e-03
9.046000000000000221e-03
1.279500000000000082e-02
1.204599999999999942e-02
8.729999999999999913e-03
5.619999999999999996e-03
2.132000000000000214e-03
-2.145000000000000205e-03
-6.853999999999999850e-03
-9.853000000000000647e-03
-8.881999999999999271e-03
-2.015999999999999997e-03
1.257999999999999917e-02
2.444899999999999851e-02
2.605599999999999930e-02
1.926399999999999987e-02
8.713999999999999524e-03
-2.889000000000000075e-03
-1.583400000000000085e-02
-2.294699999999999865e-02
-1.737500000000000155e-02
6.418000000000000094e-03
3.392499999999999682e-02
4.087400000000000061e-02
3.058599999999999861e-02
1.171600000000000072e-02
-8.786000000000000407e-03
-2.531399999999999970e-02
-4.939700000000000341e-02
-7.495200000000000473e-02
-7.981599999999999806e-02
-5.311500000000000249e-02
-9.681000000000000369e-03
1.887700000000000142e-02
2.555899999999999839e-02
2.368200000000000166e-02
1.900999999999999912e-02
-4.688000000000000327e-03
-4.891700000000000215e-02
-8.490499999999999436e-02
-8.674999999999999378e-02
-7.249099999999999988e-02
-6.300300000000000344e-02
-3.309999999999999748e-02
2.473099999999999951e-02
8.452999999999999403e-02
1.232469999999999954e-01
1.092599999999999960e-01
5.740200000000000163e-02
5.913999999999999986e-03
-3.224099999999999883e-02
-4.515899999999999775e-02
-5.765900000000000192e-02
-4.605399999999999772e-02
8.977000000000000604e-03
6.622899999999999621e-02
8.516999999999999571e-02
6.766199999999999992e-02
3.844600000000000101e-02
1.232199999999999962e-02
-1.290799999999999934e-02
-3.236499999999999794e-02
-1.448699999999999988e-02
3.122799999999999881e-02
5.209799999999999848e-02
2.100300000000000084e-02
-6.156000000000000014e-03
1.481500000000000004e-02
4.607100000000000084e-02
2.819899999999999837e-02
-1.590600000000000000e-02
-3.273399999999999921e-02
-4.192799999999999999e-02
-7.430599999999999705e-02
-5.532200000000000312e-02
1.781999999999999947e-03
4.955000000000000203e-03
-2.736999999999999850e-02
-1.787499999999999853e-02
2.902899999999999925e-02
4.634200000000000125e-02
-3.676100000000000201e-02
-1.250670000000000115e-01
-1.193759999999999960e-01
-1.090119999999999978e-01
-1.430160000000000042e-01
-1.381610000000000060e-01
-8.965900000000000258e-02
-4.603899999999999659e-02
-2.283100000000000060e-02
-1.921099999999999891e-02
-1.898800000000000140e-02
-5.919999999999999698e-04
4.306600000000000011e-02
5.456500000000000239e-02
-2.428000000000000037e-03
-3.648099999999999954e-02
-1.595799999999999996e-02
1.026999999999999918e-03
-1.082000000000000062e-03
1.188600000000000073e-02
2.980899999999999869e-02
5.947800000000000309e-02
1.042539999999999994e-01
1.250570000000000015e-01
1.018180000000000057e-01
6.657799999999999829e-02
3.792800000000000338e-02
1.694700000000000026e-02
2.806000000000000161e-02
4.928400000000000142e-02
2.551099999999999896e-02
-2.257400000000000032e-02
-2.198400000000000007e-02
3.703499999999999848e-02
8.170299999999999785e-02
5.550000000000000072e-02
-7.110000000000000434e-04
-4.476399999999999824e-02
-5.439900000000000291e-02
-3.565700000000000119e-02
-2.338300000000000101e-02
-3.506299999999999695e-02
-4.166899999999999771e-02
2.530000000000000131e-03
6.278400000000000647e-02
8.404699999999999671e-02
8.217900000000000205e-02
7.082600000000000007e-02
4.604099999999999859e-02
2.110599999999999976e-02
-3.193000000000000092e-03
-3.475700000000000317e-02
-5.672900000000000165e-02
-6.633300000000000307e-02
-7.028900000000000425e-02
-5.836800000000000321e-02
-3.138500000000000317e-02
-1.477099999999999941e-02
-1.909100000000000033e-02
7.762999999999999935e-03
5.440600000000000297e-02
4.814100000000000323e-02
-4.304999999999999799e-03
-7.757000000000000006e-03
8.208999999999999284e-03
-2.739700000000000121e-02
-7.008799999999999752e-02
-3.370900000000000285e-02
5.981299999999999811e-02
1.151419999999999944e-01
7.878799999999999693e-02
1.822599999999999915e-02
8.224999999999999672e-03
4.394999999999999601e-03
-3.654899999999999816e-02
-5.859099999999999725e-02
-1.672999999999999834e-02
3.871600000000000041e-02
6.720299999999999885e-02
4.142200000000000049e-02
1.068999999999999985e-02
4.538999999999999632e-03
-1.762000000000000025e-02
-2.426700000000000038e-02
1.248999999999999893e-03
1.340000000000000045e-02
1.246200000000000085e-02
-6.475999999999999986e-03
-6.383099999999999885e-02
-1.269959999999999978e-01
-1.559629999999999905e-01
-1.580020000000000036e-01
-1.160550000000000054e-01
4.043999999999999852e-03
1.428210000000000035e-01
1.980909999999999893e-01
1.587850000000000095e-01
9.977900000000000658e-02
3.578699999999999937e-02
-3.884900000000000159e-02
-1.018840000000000023e-01
-1.422059999999999991e-01
-1.159550000000000025e-01
-4.832700000000000190e-02
9.088999999999999857e-03
2.517000000000000140e-02
1.653500000000000109e-02
7.416499999999999482e-02
1.463379999999999959e-01
1.118090000000000056e-01
3.744700000000000112e-02
1.119200000000000056e-02
-6.864999999999999575e-03
-6.152599999999999736e-02
-1.191090000000000065e-01
-1.224999999999999978e-01
-5.392399999999999971e-02
-2.011599999999999847e-02
-3.763199999999999878e-02
-2.109300000000000064e-02
2.232200000000000156e-02
2.942699999999999830e-02
-1.190399999999999965e-02
-3.849799999999999750e-02
2.806300000000000114e-02
8.574400000000000077e-02
1.152700000000000079e-02
-4.006200000000000039e-02
2.112400000000000042e-02
7.341399999999999315e-02
1.694100000000000120e-02
-8.401000000000000134e-02
-1.572600000000000109e-01
-2.091909999999999881e-01
-1.982569999999999888e-01
-1.230389999999999956e-01
-5.937200000000000116e-02
-6.790000000000000029e-03
4.659699999999999953e-02
8.301799999999999458e-02
9.426299999999999957e-02
8.724700000000000510e-02
7.288600000000000634e-02
4.938399999999999734e-02
-5.531999999999999591e-03
-6.093300000000000105e-02
-2.911599999999999952e-02
7.428500000000000381e-02
1.554290000000000116e-01
1.534330000000000138e-01
1.116130000000000039e-01
7.654500000000000193e-02
8.899000000000000660e-03
-7.770199999999999330e-02
-1.238729999999999970e-01
-1.233210000000000001e-01
-1.001009999999999955e-01
-6.070600000000000301e-02
-8.517999999999999530e-03
4.438199999999999784e-02
1.017939999999999956e-01
1.194179999999999964e-01
7.608199999999999685e-02
1.336799999999999967e-02
-4.180999999999999994e-02
-8.449299999999999866e-02
-1.088950000000000057e-01
-1.141370000000000023e-01
-7.581200000000000438e-02
-1.134600000000000018e-02
4.224300000000000277e-02
6.853700000000000070e-02
7.941800000000000248e-02
8.500399999999999623e-02
6.122799999999999770e-02
-7.787999999999999784e-03
-1.018669999999999992e-01
-1.093179999999999985e-01
-3.439400000000000096e-02
2.106900000000000092e-02
5.881700000000000123e-02
1.030459999999999987e-01
1.453339999999999910e-01
1.319970000000000032e-01
8.970000000000000542e-03
-1.251960000000000017e-01
-1.654239999999999877e-01
-1.414100000000000079e-01
-1.181240000000000068e-01
-1.167699999999999988e-01
-8.570500000000000340e-02
-2.371399999999999897e-02
2.840600000000000069e-02
4.124099999999999988e-02
3.774500000000000077e-02
7.533600000000000019e-02
1.214520000000000044e-01
1.397269999999999901e-01
8.553299999999999792e-02
-9.305000000000000770e-03
-7.302200000000000357e-02
-1.064510000000000040e-01
-1.006009999999999960e-01
-7.467200000000000226e-02
-2.623699999999999991e-02
2.852199999999999874e-02
7.700200000000000100e-02
9.532999999999999807e-02
5.971400000000000319e-02
4.593099999999999961e-02
7.996000000000000330e-02
8.118899999999999728e-02
4.609599999999999809e-02
4.212899999999999978e-02
8.558799999999999741e-02
5.220600000000000240e-02
-5.992700000000000110e-02
-8.718499999999999861e-02
-2.367100000000000107e-02
3.019799999999999915e-02
2.916799999999999948e-02
2.792899999999999897e-02
4.635700000000000237e-02
6.600599999999999523e-02
8.269700000000000661e-02
1.026310000000000000e-01
1.279849999999999877e-01
1.442749999999999866e-01
1.043619999999999964e-01
3.995699999999999946e-02
-1.321699999999999958e-02
-5.127999999999999919e-02
-7.460700000000000665e-02
-7.638899999999999857e-02
-1.164600000000000010e-02
7.781000000000000416e-02
1.005189999999999972e-01
5.044900000000000079e-02
-5.460000000000000443e-04
-2.046500000000000055e-02
-2.927400000000000141e-02
-2.277500000000000011e-02
-1.474999999999999966e-03
6.858000000000000380e-03
1.339699999999999919e-02
2.000800000000000148e-02
-2.054399999999999976e-02
-8.138700000000000101e-02
-8.138600000000000001e-02
-3.190599999999999686e-02
5.093999999999999570e-03
3.006100000000000091e-02
2.919499999999999873e-02
-1.015699999999999936e-02
-2.122399999999999981e-02
-4.493999999999999731e-03
-3.405899999999999900e-02
-9.150600000000000400e-02
-1.118659999999999932e-01
-8.175999999999999934e-02
-4.021099999999999675e-02
1.650499999999999884e-02
8.430899999999999506e-02
1.361050000000000038e-01
1.685740000000000016e-01
1.021380000000000066e-01
-3.041500000000000106e-02
-1.064750000000000002e-01
-1.043339999999999962e-01
-1.168899999999999939e-01
-1.529040000000000121e-01
-1.180869999999999975e-01
-7.130000000000000053e-03
6.905999999999999639e-02
1.786199999999999941e-02
-8.191800000000000470e-02
-1.030829999999999941e-01
-3.556100000000000233e-02
3.770799999999999846e-02
7.309999999999999831e-02
3.543000000000000316e-02
-3.387899999999999939e-02
-7.549599999999999367e-02
-9.083700000000000108e-02
-1.208589999999999942e-01
-1.688040000000000096e-01
-2.109520000000000006e-01
-1.546559999999999879e-01
5.272000000000000297e-02
1.870449999999999890e-01
1.855769999999999920e-01
1.810559999999999947e-01
1.981749999999999901e-01
1.197369999999999962e-01
-9.059100000000000485e-02
-2.246609999999999996e-01
-2.205930000000000113e-01
-1.123139999999999972e-01
2.430099999999999968e-02
1.255610000000000059e-01
2.155410000000000104e-01
2.523090000000000055e-01
2.116359999999999908e-01
1.210880000000000012e-01
1.910799999999999998e-02
-7.671100000000000141e-02
-1.593060000000000032e-01
-2.070909999999999973e-01
-1.280979999999999897e-01
8.736999999999999975e-03
7.949599999999999722e-02
9.020400000000000640e-02
7.989300000000000568e-02
9.117500000000000604e-02
1.098849999999999966e-01
9.395299999999999485e-02
6.073800000000000032e-02
3.471400000000000180e-02
1.924899999999999875e-02
-7.703999999999999911e-03
-8.783699999999999841e-02
-1.692039999999999933e-01
-1.262860000000000094e-01
4.046199999999999797e-02
1.530729999999999869e-01
1.765319999999999945e-01
1.322810000000000097e-01
9.397600000000000398e-02
6.164700000000000041e-02
-3.451900000000000107e-02
-1.975609999999999866e-01
-3.376000000000000112e-01
-3.792139999999999955e-01
-3.032309999999999728e-01
-1.994070000000000009e-01
-9.861699999999999633e-02
5.707099999999999673e-02
2.301400000000000112e-01
2.933799999999999741e-01
1.991900000000000059e-01
7.013199999999999990e-02
-6.203600000000000086e-02
-1.504719999999999946e-01
-1.863680000000000059e-01
-1.800150000000000083e-01
-1.094519999999999937e-01
-1.226499999999999986e-02
1.298249999999999960e-01
2.547809999999999797e-01
2.282180000000000042e-01
1.210900000000000032e-01
1.398199999999999964e-02
-6.827300000000000035e-02
-1.308850000000000013e-01
-1.784910000000000108e-01
-2.053889999999999882e-01
-1.820670000000000066e-01
-5.461799999999999988e-02
1.263730000000000131e-01
2.477350000000000108e-01
2.303340000000000110e-01
1.722130000000000050e-01
1.707650000000000001e-01
1.857560000000000044e-01
1.048390000000000016e-01
-2.593700000000000172e-02
-1.332409999999999983e-01
-1.198369999999999991e-01
-3.733800000000000313e-02
-2.478999999999999867e-03
1.188200000000000020e-02
4.989799999999999791e-02
1.058950000000000030e-01
1.197539999999999993e-01
9.298900000000000221e-02
6.477199999999999624e-02
3.928799999999999654e-02
-2.627699999999999828e-02
-1.317429999999999990e-01
-1.802010000000000001e-01
-1.829320000000000113e-01
-2.126450000000000007e-01
-2.178039999999999976e-01
-1.468329999999999913e-01
-5.605899999999999772e-02
3.538100000000000273e-02
1.244500000000000051e-01
1.358240000000000003e-01
1.175220000000000015e-01
1.198089999999999988e-01
9.920900000000000551e-02
-3.944999999999999722e-03
-1.275169999999999915e-01
-1.714799999999999935e-01
-1.070689999999999975e-01
-3.482699999999999685e-02
-4.680499999999999938e-02
-7.046700000000000186e-02
-3.435799999999999965e-02
9.176999999999999394e-03
-3.917999999999999608e-03
-4.884800000000000253e-02
-5.853699999999999876e-02
-1.361399999999999937e-02
1.039900000000000026e-02
-8.833999999999999839e-03
-1.857200000000000170e-02
1.348700000000000072e-02
5.638100000000000056e-02
8.331500000000000017e-02
6.925199999999999412e-02
3.732400000000000301e-02
5.549599999999999672e-02
9.742499999999999771e-02
1.216259999999999980e-01
1.474030000000000062e-01
1.872340000000000115e-01
2.056159999999999932e-01
1.583060000000000023e-01
8.429200000000000581e-02
1.458100000000000021e-02
-5.008399999999999658e-02
-8.035299999999999387e-02
-9.108299999999999730e-02
-1.230429999999999996e-01
-1.627770000000000050e-01
-1.572560000000000069e-01
-1.150459999999999955e-01
-1.075750000000000040e-01
-8.789800000000000391e-02
3.774099999999999677e-02
1.939089999999999980e-01
2.696080000000000143e-01
2.663980000000000237e-01
1.934389999999999998e-01
9.122399999999999953e-02
2.318000000000000182e-03
-4.850299999999999750e-02
-6.527099999999999569e-02
-9.523299999999999821e-02
-1.720029999999999892e-01
-2.040750000000000064e-01
-1.329239999999999866e-01
-4.877100000000000185e-02
-1.787300000000000000e-02
-1.117800000000000044e-02
6.049999999999999822e-03
3.298700000000000243e-02
5.504099999999999965e-02
3.293499999999999900e-02
-6.886999999999999893e-03
-3.176000000000000004e-03
1.212899999999999916e-02
3.830000000000000071e-03
-1.029500000000000033e-02
2.167999999999999788e-03
7.969999999999999307e-02
1.312780000000000058e-01
7.506899999999999684e-02
-5.275000000000000175e-03
-5.525800000000000156e-02
-9.367300000000000626e-02
-1.165540000000000048e-01
-9.695199999999999652e-02
-4.401900000000000257e-02
3.328799999999999815e-02
8.994699999999999918e-02
1.117449999999999971e-01
8.789700000000000291e-02
5.416999999999999940e-03
-7.316599999999999493e-02
-6.385100000000000497e-02
-1.931899999999999937e-02
-3.520100000000000312e-02
-5.279899999999999871e-02
-1.931400000000000131e-02
1.818799999999999931e-02
1.785799999999999887e-02
2.190999999999999805e-03
1.439499999999999981e-02
5.380499999999999866e-02
3.242099999999999843e-02
-3.838799999999999851e-02
-7.143099999999999450e-02
-6.311899999999999455e-02
-4.396100000000000008e-02
-6.460699999999999776e-02
-1.268769999999999898e-01
-1.461520000000000041e-01
-3.353300000000000031e-02
1.273690000000000100e-01
2.454820000000000058e-01
2.190280000000000005e-01
8.214799999999999880e-02
-2.067099999999999840e-02
-4.058500000000000302e-02
-3.754600000000000298e-02
-5.667900000000000021e-02
-1.113190000000000013e-01
-1.325600000000000112e-01
-8.190999999999999670e-02
9.931999999999999856e-03
5.776900000000000091e-02
4.546700000000000047e-02
8.793999999999999734e-03
-4.790300000000000114e-02
-9.861699999999999633e-02
-8.425599999999999756e-02
-2.295000000000000165e-02
-1.918500000000000066e-02
-1.076850000000000029e-01
-2.106459999999999999e-01
-2.288620000000000099e-01
-1.588400000000000090e-01
-9.061199999999999810e-02
-3.656000000000000222e-02
7.040100000000000524e-02
2.052499999999999880e-01
2.954149999999999832e-01
2.475030000000000008e-01
1.223869999999999958e-01
3.444099999999999939e-02
-1.765000000000000076e-03
-7.345100000000000240e-02
-1.923549999999999982e-01
-2.526160000000000072e-01
-1.273710000000000120e-01
2.569549999999999890e-01
4.925240000000000173e-01
3.646980000000000222e-01
2.037980000000000069e-01
1.096639999999999976e-01
9.967999999999999430e-03
-1.042280000000000012e-01
-2.151480000000000059e-01
-3.191050000000000275e-01
-3.197510000000000074e-01
-1.128910000000000052e-01
1.442029999999999978e-01
3.491099999999999759e-01
4.347360000000000113e-01
3.772269999999999790e-01
2.697379999999999778e-01
1.589099999999999957e-01
4.627400000000000263e-02
-5.706900000000000167e-02
-1.250930000000000097e-01
-1.671590000000000020e-01
-2.290889999999999871e-01
-2.189889999999999892e-01
-1.008629999999999943e-01
1.965400000000000133e-02
5.967000000000000082e-02
1.890500000000000166e-02
2.403800000000000034e-02
9.640799999999999370e-02
1.642119999999999969e-01
1.731610000000000094e-01
1.086950000000000000e-01
4.236899999999999694e-02
4.275000000000000328e-02
5.696099999999999774e-02
-1.533000000000000074e-03
-8.410800000000000221e-02
-8.250699999999999701e-02
8.000000000000000654e-05
5.259500000000000286e-02
1.194100000000000023e-02
-8.890000000000000679e-02
-1.485740000000000116e-01
-1.117260000000000059e-01
-7.813599999999999712e-02
-1.208439999999999931e-01
-1.988260000000000027e-01
-2.672749999999999848e-01
-2.570359999999999867e-01
-1.922520000000000062e-01
-1.363739999999999952e-01
-6.123399999999999677e-02
3.511500000000000038e-02
1.112360000000000015e-01
1.100740000000000052e-01
8.331500000000000017e-02
6.213599999999999679e-02
9.027999999999999567e-03
-5.861000000000000237e-02
-1.081359999999999960e-01
-9.659900000000000431e-02
-4.275099999999999734e-02
-3.281400000000000289e-02
-3.848700000000000038e-02
-1.298200000000000048e-02
3.062199999999999991e-02
4.247700000000000087e-02
8.153000000000000524e-03
-6.559399999999999953e-02
-1.370929999999999926e-01
-1.247739999999999960e-01
-4.882199999999999734e-02
-6.487999999999999844e-03
-1.486299999999999948e-02
-2.052299999999999958e-02
4.021399999999999975e-02
1.249070000000000041e-01
1.120109999999999995e-01
4.676000000000000295e-02
2.258500000000000091e-02
4.233900000000000163e-02
6.143300000000000149e-02
3.911099999999999993e-02
-4.837000000000000154e-03
-3.629399999999999987e-02
-3.201799999999999785e-02
-3.076999999999999874e-03
-4.658999999999999947e-03
-1.511700000000000023e-02
1.711800000000000127e-02
7.845499999999999696e-02
9.476199999999999901e-02
4.812600000000000211e-02
1.705999999999999878e-02
4.847599999999999826e-02
5.261899999999999911e-02
-2.344699999999999909e-02
-1.111380000000000007e-01
-1.575259999999999994e-01
-1.136159999999999948e-01
-2.227799999999999919e-02
5.401500000000000051e-02
1.078699999999999937e-01
1.488740000000000063e-01
1.666950000000000098e-01
1.359549999999999925e-01
6.913099999999999801e-02
-4.405000000000000061e-03
-5.359699999999999881e-02
-5.366100000000000037e-02
-2.866700000000000151e-02
-2.005799999999999944e-02
-3.613600000000000145e-02
-5.061999999999999833e-02
-3.389099999999999752e-02
-9.185999999999999721e-03
-1.993100000000000080e-02
-5.668399999999999828e-02
-9.633700000000000596e-02
-1.141329999999999983e-01
-1.169800000000000006e-01
-1.227140000000000036e-01
-1.224299999999999972e-01
-9.880600000000000493e-02
-2.131900000000000114e-02
8.405899999999999483e-02
1.123379999999999934e-01
1.032150000000000012e-01
1.328139999999999876e-01
1.648689999999999878e-01
1.167890000000000039e-01
1.332700000000000030e-02
-8.626899999999999846e-02
-1.300149999999999917e-01
-9.422500000000000320e-02
-5.175300000000000039e-02
-6.522600000000000620e-02
-7.905199999999999727e-02
-1.228600000000000005e-02
8.914800000000000502e-02
1.875690000000000135e-01
2.054779999999999940e-01
1.446610000000000118e-01
5.564600000000000102e-02
-3.508499999999999813e-02
-1.182740000000000041e-01
-1.943580000000000030e-01
-2.406379999999999908e-01
-1.833390000000000020e-01
-9.159899999999999987e-02
-4.305300000000000099e-02
2.301900000000000127e-02
1.474810000000000010e-01
2.481879999999999920e-01
2.597659999999999969e-01
1.799459999999999948e-01
6.214999999999999691e-02
-1.191299999999999998e-02
-3.745500000000000218e-02
-6.967199999999999782e-02
-1.198700000000000043e-01
-1.250560000000000005e-01
-6.529400000000000481e-02
-2.550000000000000183e-04
5.434499999999999748e-02
8.772699999999999942e-02
8.807500000000000051e-02
1.147309999999999997e-01
1.608469999999999900e-01
1.187900000000000067e-01
1.860300000000000148e-02
-3.457400000000000057e-02
-2.726699999999999957e-02
-4.300799999999999762e-02
-9.340500000000000191e-02
-1.341310000000000002e-01
-1.358810000000000018e-01
-8.639600000000000057e-02
-9.039000000000000160e-03
6.775299999999999379e-02
9.739100000000000534e-02
1.067710000000000048e-01
1.335340000000000138e-01
1.262699999999999934e-01
6.835299999999999709e-02
-4.859999999999999954e-04
-6.288799999999999946e-02
-9.615500000000000436e-02
-1.056389999999999968e-01
-8.222999999999999754e-02
-4.904999999999999638e-03
9.714599999999999624e-02
1.516959999999999975e-01
1.286770000000000136e-01
8.970499999999999308e-02
5.699699999999999905e-02
3.087099999999999914e-02
1.178999999999999927e-03
-3.211699999999999972e-02
-5.539800000000000280e-02
-3.196399999999999936e-02
6.110899999999999666e-02
1.328840000000000021e-01
9.793799999999999728e-02
5.555299999999999822e-02
6.407000000000000195e-02
6.571399999999999464e-02
5.511699999999999933e-02
5.433899999999999841e-02
3.421099999999999836e-02
-3.101000000000000024e-03
-3.810199999999999698e-02
-4.901200000000000001e-02
1.090000000000000067e-04
6.774399999999999866e-02
1.027779999999999944e-01
9.465999999999999415e-02
6.894400000000000528e-02
6.695800000000000363e-02
5.726699999999999846e-02
-8.829999999999999958e-04
-7.046499999999999986e-02
-1.101570000000000049e-01
-1.050849999999999979e-01
-5.750199999999999756e-02
-4.066299999999999776e-02
-5.039799999999999836e-02
-3.714900000000000146e-02
2.163500000000000145e-02
1.008799999999999975e-02
-6.288499999999999646e-02
-1.169729999999999936e-01
-1.136220000000000008e-01
-7.612499999999999822e-02
-6.726699999999999346e-02
-7.978100000000000469e-02
-6.885900000000000354e-02
-2.422500000000000001e-02
1.011399999999999973e-02
-1.758799999999999947e-02
-7.829300000000000148e-02
-1.090870000000000034e-01
-9.607999999999999874e-02
-9.296000000000000096e-02
-1.122350000000000014e-01
-1.016620000000000024e-01
-3.914700000000000124e-02
-5.190000000000000169e-03
-6.489999999999999459e-04
1.807999999999999928e-03
-1.481000000000000025e-02
-3.710800000000000209e-02
-3.765799999999999703e-02
-4.155400000000000066e-02
-6.454400000000000415e-02
-8.979499999999999982e-02
-1.111800000000000010e-01
-1.118330000000000019e-01
-7.636800000000000532e-02
-3.255500000000000060e-02
2.138000000000000143e-03
2.267600000000000171e-02
3.749199999999999755e-02
5.218600000000000322e-02
5.367199999999999749e-02
4.035500000000000198e-02
3.167199999999999876e-02
4.217100000000000015e-02
5.045700000000000185e-02
3.932900000000000285e-02
2.619099999999999900e-02
2.810599999999999904e-02
3.835299999999999820e-02
4.564100000000000101e-02
3.741300000000000181e-02
3.146199999999999691e-02
4.925500000000000017e-02
5.723000000000000309e-02
2.458000000000000115e-02
-1.362900000000000049e-02
-1.998799999999999882e-02
-6.917999999999999670e-03
-3.580999999999999982e-03
-1.179400000000000066e-02
-2.475000000000000117e-02
-2.105699999999999933e-02
1.971600000000000089e-02
5.753599999999999687e-02
4.626799999999999663e-02
3.163000000000000013e-03
-2.861500000000000155e-02
-2.319699999999999887e-02
-3.459999999999999881e-02
-7.666100000000000692e-02
-1.034609999999999974e-01
-8.293799999999999784e-02
-4.145499999999999879e-02
-1.606999999999999922e-03
3.134200000000000180e-02
4.651899999999999785e-02
4.428599999999999898e-02
2.822399999999999909e-02
9.509000000000000091e-03
-5.888000000000000005e-03
-2.928100000000000147e-02
-5.142599999999999949e-02
-5.164099999999999940e-02
-2.420299999999999882e-02
1.064999999999999974e-03
1.132500000000000000e-02
1.044899999999999995e-02
-1.271599999999999987e-02
-4.449000000000000177e-02
-6.099999999999999867e-02
-4.212400000000000172e-02
5.281000000000000104e-03
4.806099999999999955e-02
6.219299999999999828e-02
6.755999999999999506e-02
8.202500000000000069e-02
9.332600000000000617e-02
9.298499999999999821e-02
7.219599999999999629e-02
2.717100000000000071e-02
-2.134899999999999992e-02
-5.803500000000000325e-02
-4.930999999999999966e-02
-1.282600000000000059e-02
5.183000000000000107e-03
8.401000000000000481e-03
2.947299999999999920e-02
6.188400000000000151e-02
5.981899999999999717e-02
3.485300000000000203e-02
1.472200000000000071e-02
1.515999999999999986e-02
4.291699999999999682e-02
8.470400000000000151e-02
8.308100000000000207e-02
4.299599999999999950e-02
1.739000000000000094e-03
-2.333500000000000157e-02
-2.375599999999999934e-02
-1.248100000000000077e-02
-7.638999999999999957e-03
-1.567999999999999949e-02
-1.813199999999999881e-02
-7.513999999999999846e-03
-1.003399999999999952e-02
-2.834700000000000067e-02
-3.934499999999999803e-02
-3.237999999999999906e-02
-2.203400000000000150e-02
-2.271099999999999855e-02
-3.163699999999999846e-02
-3.833099999999999702e-02
-3.812600000000000017e-02
-2.709999999999999909e-02
4.674000000000000203e-03
4.499800000000000327e-02
4.786499999999999783e-02
2.891900000000000026e-02
2.921599999999999892e-02
5.447599999999999665e-02
7.447800000000000253e-02
7.542899999999999605e-02
5.216300000000000103e-02
2.512999999999999956e-02
1.350600000000000064e-02
4.974000000000000123e-03
-6.101999999999999785e-03
-1.712400000000000033e-02
-3.222499999999999670e-02
-4.913800000000000112e-02
-5.515099999999999864e-02
-4.556999999999999940e-02
-2.874600000000000072e-02
-9.169000000000000067e-03
2.679799999999999890e-02
7.409399999999999320e-02
1.156350000000000017e-01
1.106990000000000057e-01
5.374899999999999817e-02
-1.384999999999999946e-03
-4.044500000000000178e-02
-6.605700000000000460e-02
-7.876299999999999968e-02
-7.354399999999999826e-02
-4.535000000000000142e-02
1.652000000000000040e-03
5.398300000000000320e-02
9.102300000000000668e-02
9.597600000000000575e-02
7.711800000000000599e-02
6.226500000000000090e-02
6.220200000000000035e-02
5.616899999999999671e-02
9.629999999999999671e-03
-5.544099999999999723e-02
-9.616199999999999748e-02
-9.498099999999999599e-02
-5.774900000000000172e-02
-6.722999999999999809e-03
2.537700000000000025e-02
4.129599999999999937e-02
5.438599999999999685e-02
5.357699999999999962e-02
3.109699999999999964e-02
-1.791900000000000090e-02
-6.130000000000000032e-02
-5.619999999999999996e-02
-1.999400000000000135e-02
3.462999999999999932e-03
-7.268000000000000155e-03
-3.301899999999999974e-02
-4.947399999999999715e-02
-4.462700000000000000e-02
-2.469500000000000167e-02
-2.215500000000000108e-02
-3.705399999999999666e-02
-4.296599999999999725e-02
-2.382499999999999896e-02
8.203000000000000222e-03
3.254399999999999654e-02
4.344200000000000145e-02
3.012300000000000047e-02
1.183999999999999940e-03
-2.087599999999999872e-02
-3.993200000000000222e-02
-5.643600000000000005e-02
-5.769200000000000023e-02
-4.403599999999999876e-02
-1.035499999999999962e-02
2.192399999999999904e-02
3.039999999999999994e-02
3.072000000000000078e-02
3.596900000000000097e-02
5.285499999999999921e-02
7.351699999999999902e-02
5.597400000000000292e-02
3.782000000000000205e-03
-3.817999999999999866e-02
-5.484800000000000092e-02
-7.128700000000000314e-02
-9.871900000000000119e-02
-9.803699999999999914e-02
-6.152200000000000030e-02
-2.960099999999999884e-02
-2.256100000000000119e-02
-5.232999999999999804e-03
3.602099999999999747e-02
6.291099999999999470e-02
4.938200000000000228e-02
8.040000000000000271e-03
-3.583200000000000274e-02
-5.151000000000000023e-02
-4.869799999999999823e-02
-3.892099999999999727e-02
-7.400000000000000328e-03
3.706999999999999879e-02
6.543499999999999317e-02
5.643499999999999905e-02
2.888200000000000142e-02
1.851699999999999874e-02
2.049199999999999980e-02
1.144099999999999978e-02
-6.426000000000000288e-03
-2.232699999999999962e-02
-2.944400000000000142e-02
-2.101000000000000090e-02
2.089999999999999844e-03
2.228199999999999972e-02
2.351500000000000118e-02
2.392400000000000082e-02
2.639400000000000079e-02
1.374200000000000074e-02
-1.000400000000000074e-02
-2.828100000000000058e-02
-2.847299999999999831e-02
-1.640899999999999997e-02
5.465000000000000240e-03
3.299499999999999655e-02
4.816800000000000248e-02
5.677499999999999908e-02
6.744899999999999507e-02
6.866300000000000181e-02
5.758400000000000324e-02
4.167099999999999971e-02
3.011000000000000135e-02
1.851099999999999968e-02
-1.322000000000000085e-02
-4.919699999999999768e-02
-5.816799999999999748e-02
-4.173199999999999826e-02
-2.802199999999999830e-02
-3.409999999999999837e-02
-3.550699999999999690e-02
-1.176999999999999921e-02
1.439900000000000034e-02
2.492600000000000024e-02
2.412699999999999914e-02
2.114399999999999960e-02
2.760400000000000006e-02
2.855399999999999952e-02
-5.850000000000000165e-04
-3.918699999999999961e-02
-4.262099999999999916e-02
-1.261999999999999927e-02
1.831999999999999948e-02
3.260699999999999710e-02
4.513000000000000345e-02
6.299100000000000532e-02
8.154699999999999449e-02
7.572099999999999664e-02
3.895900000000000057e-02
-2.650000000000000012e-03
-3.182999999999999718e-02
-5.486699999999999910e-02
-6.430299999999999905e-02
-5.403800000000000270e-02
-3.262099999999999722e-02
-1.079500000000000078e-02
1.038500000000000013e-02
2.989500000000000143e-02
4.221899999999999958e-02
4.275299999999999934e-02
3.283500000000000307e-02
2.224900000000000141e-02
1.548399999999999950e-02
-2.595999999999999783e-03
-2.965699999999999933e-02
-4.721600000000000102e-02
-4.718399999999999678e-02
-4.060300000000000020e-02
-4.035699999999999704e-02
-4.824300000000000116e-02
-5.113100000000000284e-02
-2.556299999999999892e-02
2.242600000000000149e-02
4.051300000000000040e-02
2.116399999999999879e-02
-2.913999999999999924e-03
-1.608800000000000160e-02
-2.623800000000000091e-02
-4.071999999999999925e-02
-4.880600000000000216e-02
-4.184000000000000219e-02
-3.043200000000000072e-02
-2.899900000000000047e-02
-3.341299999999999826e-02
-3.214700000000000196e-02
-2.711799999999999974e-02
-3.425000000000000266e-02
-5.050999999999999934e-02
-5.318599999999999717e-02
-4.350600000000000300e-02
-3.784400000000000264e-02
-3.991000000000000103e-02
-4.199699999999999961e-02
-2.638300000000000020e-02
7.799999999999999642e-03
3.805599999999999955e-02
4.749400000000000149e-02
4.636699999999999849e-02
4.797699999999999881e-02
4.856599999999999806e-02
3.767100000000000309e-02
1.977200000000000138e-02
2.870000000000000155e-03
-1.310599999999999959e-02
-2.924099999999999963e-02
-3.799199999999999799e-02
-3.319300000000000028e-02
-1.565400000000000125e-02
-3.440000000000000132e-04
2.305000000000000191e-03
6.015999999999999646e-03
2.518700000000000105e-02
4.653800000000000298e-02
4.790699999999999820e-02
3.782800000000000051e-02
3.557600000000000345e-02
4.277500000000000052e-02
3.942699999999999677e-02
1.464099999999999950e-02
-1.420800000000000014e-02
-2.582500000000000073e-02
-1.155300000000000077e-02
1.430500000000000001e-02
3.791900000000000132e-02
5.879100000000000298e-02
7.267800000000000649e-02
7.635999999999999732e-02
7.667100000000000304e-02
6.898100000000000065e-02
4.566699999999999926e-02
1.912200000000000011e-02
6.712000000000000084e-03
8.687000000000000277e-03
1.169599999999999980e-02
1.460499999999999993e-02
2.414399999999999880e-02
3.840400000000000064e-02
4.677699999999999914e-02
4.606099999999999778e-02
4.057100000000000289e-02
3.582300000000000068e-02
3.086300000000000154e-02
1.814500000000000141e-02
-6.589999999999999721e-04
-1.891999999999999932e-02
-3.696599999999999886e-02
-5.369800000000000267e-02
-5.992200000000000304e-02
-5.209899999999999948e-02
-3.605799999999999977e-02
-2.299500000000000155e-02
-2.011900000000000147e-02
-2.441499999999999920e-02
-3.116100000000000120e-02
-3.595299999999999885e-02
-3.862999999999999767e-02
-3.884800000000000059e-02
-3.401300000000000157e-02
-1.689099999999999976e-02
3.911999999999999679e-03
1.149299999999999974e-02
2.784000000000000016e-03
-1.388900000000000030e-02
-2.915999999999999842e-02
-3.899400000000000088e-02
-5.035599999999999798e-02
-6.463499999999999801e-02
-7.151200000000000612e-02
-5.097700000000000148e-02
-9.679000000000000103e-03
3.227200000000000207e-02
7.067500000000000171e-02
9.328400000000000580e-02
8.472399999999999376e-02
4.868900000000000311e-02
5.889000000000000137e-03
-3.388800000000000145e-02
-7.577200000000000601e-02
-1.046639999999999932e-01
-1.080440000000000011e-01
-8.852300000000000446e-02
-4.347199999999999676e-02
-1.619999999999999912e-03
2.154299999999999965e-02
3.612300000000000233e-02
4.339599999999999708e-02
3.956400000000000194e-02
2.399899999999999950e-02
4.226999999999999855e-03
-1.755100000000000063e-02
-3.995900000000000146e-02
-5.249500000000000000e-02
-4.902000000000000107e-02
-2.455200000000000091e-02
1.176100000000000062e-02
3.259700000000000097e-02
3.742800000000000293e-02
3.716200000000000059e-02
2.890099999999999961e-02
7.119999999999999593e-04
-4.048800000000000315e-02
-6.422600000000000531e-02
-6.211200000000000054e-02
-4.343700000000000339e-02
-2.315599999999999950e-02
-1.065100000000000074e-02
2.640000000000000202e-04
1.536599999999999945e-02
2.592500000000000013e-02
2.105200000000000127e-02
7.419000000000000247e-03
-1.708000000000000100e-03
-1.312000000000000015e-03
4.044999999999999984e-03
7.095999999999999877e-03
9.950999999999999776e-03
1.676000000000000059e-02
3.397499999999999826e-02
5.475599999999999912e-02
6.152900000000000036e-02
5.470499999999999668e-02
4.328100000000000003e-02
3.513999999999999763e-02
2.986000000000000112e-02
1.952100000000000016e-02
1.869999999999999917e-04
-1.277400000000000063e-02
-1.018799999999999914e-02
4.748999999999999749e-03
2.557399999999999951e-02
4.236600000000000088e-02
5.709499999999999992e-02
6.904699999999999727e-02
6.639299999999999369e-02
3.881099999999999828e-02
3.996000000000000420e-03
-1.409000000000000009e-02
-2.075799999999999867e-02
-2.527799999999999839e-02
-2.544099999999999834e-02
-1.771199999999999858e-02
-2.419000000000000143e-03
1.774699999999999889e-02
3.412500000000000255e-02
3.908400000000000069e-02
3.688299999999999912e-02
3.003499999999999920e-02
1.233599999999999974e-02
-5.909000000000000190e-03
-1.139500000000000061e-02
-1.265400000000000032e-02
-1.915000000000000036e-02
-2.734400000000000025e-02
-2.526000000000000120e-02
-1.000999999999999980e-02
6.134999999999999828e-03
1.115499999999999999e-02
6.194999999999999986e-03
-1.007000000000000083e-03
-7.798000000000000244e-03
-1.622099999999999931e-02
-3.071799999999999878e-02
-4.798299999999999788e-02
-5.264200000000000129e-02
-4.433800000000000241e-02
-3.194899999999999823e-02
-2.482799999999999938e-02
-2.443800000000000139e-02
-2.685900000000000093e-02
-2.945800000000000154e-02
-2.983099999999999988e-02
-2.981999999999999929e-02
-3.161300000000000221e-02
-3.128000000000000225e-02
-2.198500000000000107e-02
-4.877000000000000259e-03
8.878000000000000475e-03
1.549000000000000030e-02
2.412299999999999861e-02
3.343900000000000344e-02
3.118299999999999891e-02
4.185000000000000352e-03
-3.406900000000000206e-02
-4.880000000000000310e-02
-4.551700000000000190e-02
-4.296400000000000219e-02
-4.096999999999999947e-02
-3.190199999999999980e-02
-1.154600000000000071e-02
1.075500000000000067e-02
2.073699999999999849e-02
1.970600000000000129e-02
1.655600000000000127e-02
1.454100000000000011e-02
7.093000000000000346e-03
-1.190699999999999918e-02
-3.332199999999999745e-02
-4.169899999999999995e-02
-4.217400000000000315e-02
-4.250500000000000111e-02
-4.068599999999999994e-02
-3.343299999999999744e-02
-2.321099999999999899e-02
-1.050799999999999998e-02
6.955000000000000245e-03
2.616100000000000023e-02
3.778200000000000308e-02
3.592599999999999960e-02
2.381199999999999983e-02
1.091800000000000062e-02
3.164000000000000146e-03
-6.911999999999999741e-03
-2.350400000000000059e-02
-3.217099999999999821e-02
-2.793599999999999903e-02
-1.938899999999999998e-02
-1.330699999999999938e-02
-1.211300000000000050e-02
-8.342000000000000456e-03
2.511999999999999910e-03
1.507099999999999933e-02
2.189800000000000080e-02
2.408499999999999877e-02
2.524500000000000008e-02
2.552700000000000108e-02
2.431699999999999834e-02
1.853300000000000086e-02
9.976999999999999758e-03
2.536000000000000060e-03
-4.687000000000000194e-03
-1.017400000000000075e-02
-8.942000000000000295e-03
-3.177999999999999835e-03
3.540000000000000178e-03
1.295800000000000077e-02
2.226500000000000007e-02
2.715700000000000058e-02
2.608299999999999855e-02
1.817699999999999871e-02
7.093000000000000346e-03
-3.704999999999999960e-03
-1.329400000000000026e-02
-1.689999999999999836e-02
-1.047099999999999941e-02
9.290000000000000297e-04
8.935000000000000234e-03
1.724900000000000044e-02
3.254200000000000148e-02
4.605399999999999772e-02
4.628399999999999875e-02
3.542900000000000216e-02
2.211799999999999877e-02
7.614000000000000108e-03
-5.967000000000000082e-03
-9.882999999999999424e-03
9.250000000000000409e-04
2.154999999999999971e-02
3.730800000000000088e-02
4.630999999999999700e-02
5.317299999999999804e-02
5.390600000000000253e-02
4.029900000000000149e-02
1.000700000000000027e-02
-2.644099999999999923e-02
-4.550300000000000178e-02
-4.584599999999999786e-02
-3.580900000000000055e-02
-1.327399999999999934e-02
1.989700000000000149e-02
4.637800000000000256e-02
5.688000000000000000e-02
5.601099999999999829e-02
4.620799999999999907e-02
2.583500000000000033e-02
-3.044999999999999964e-03
-3.062300000000000091e-02
-5.188500000000000056e-02
-6.228600000000000109e-02
-5.719699999999999784e-02
-3.992300000000000015e-02
-1.881800000000000139e-02
3.690000000000000246e-04
1.653800000000000062e-02
2.611799999999999886e-02
2.779300000000000173e-02
2.427899999999999850e-02
1.637900000000000120e-02
2.271000000000000015e-03
-1.697600000000000151e-02
-3.024100000000000052e-02
-3.156099999999999878e-02
-2.557800000000000004e-02
-2.121800000000000075e-02
-1.904199999999999990e-02
-1.533499999999999967e-02
-1.032899999999999964e-02
-8.902000000000000191e-03
-1.330500000000000085e-02
-2.057900000000000007e-02
-2.343299999999999897e-02
-2.253600000000000048e-02
-2.091700000000000156e-02
-1.964899999999999980e-02
-1.621699999999999878e-02
-9.544000000000000400e-03
-2.438000000000000063e-03
3.369000000000000033e-03
5.990999999999999798e-03
9.731999999999999332e-03
1.866800000000000057e-02
3.022700000000000040e-02
3.349900000000000100e-02
3.015800000000000078e-02
2.988000000000000031e-02
3.408100000000000018e-02
3.628100000000000075e-02
3.200700000000000073e-02
2.232900000000000162e-02
1.188999999999999953e-02
6.335999999999999618e-03
6.390999999999999980e-03
9.804999999999999480e-03
2.048499999999999974e-02
3.668500000000000233e-02
4.929299999999999654e-02
5.058900000000000202e-02
4.169500000000000289e-02
3.036600000000000063e-02
2.122599999999999834e-02
1.392099999999999935e-02
8.047999999999999599e-03
3.860000000000000150e-03
6.651999999999999927e-03
2.151399999999999840e-02
3.844800000000000301e-02
4.566900000000000126e-02
4.302799999999999681e-02
3.229900000000000132e-02
1.491999999999999924e-02
-5.190000000000000169e-03
-2.239899999999999877e-02
-3.163599999999999746e-02
-3.249799999999999911e-02
-2.749599999999999961e-02
-1.818600000000000078e-02
-6.106000000000000316e-03
8.042000000000000537e-03
1.888400000000000148e-02
2.255199999999999913e-02
1.888400000000000148e-02
1.054500000000000055e-02
2.178999999999999947e-03
-3.759000000000000188e-03
-9.634000000000000202e-03
-1.902699999999999877e-02
-2.717100000000000071e-02
-2.846500000000000072e-02
-2.657299999999999940e-02
-2.303300000000000139e-02
-1.786400000000000141e-02
-9.043000000000000690e-03
2.477000000000000035e-03
9.128999999999999962e-03
8.156000000000000055e-03
3.752000000000000127e-03
-5.919999999999999698e-04
-6.412000000000000165e-03
-1.157700000000000048e-02
-1.340799999999999978e-02
-1.000500000000000000e-02
-1.227999999999999925e-03
6.733000000000000269e-03
1.189499999999999932e-02
1.651100000000000137e-02
1.962699999999999861e-02
1.683300000000000074e-02
5.087000000000000376e-03
-8.134000000000000605e-03
-1.536700000000000045e-02
-1.509800000000000031e-02
-1.217700000000000032e-02
-1.149000000000000021e-02
-1.196700000000000021e-02
-1.205499999999999974e-02
-1.199300000000000019e-02
-1.122000000000000081e-02
-8.422000000000000666e-03
-5.445000000000000187e-03
-2.870000000000000155e-03
-1.510000000000000112e-04
1.758000000000000014e-03
-7.899999999999999579e-05
-7.597999999999999719e-03
-1.541900000000000041e-02
-1.923400000000000110e-02
-1.916500000000000148e-02
-1.956899999999999959e-02
-2.369200000000000125e-02
-2.715499999999999858e-02
-2.427899999999999850e-02
-1.935299999999999868e-02
-1.725700000000000151e-02
-1.912799999999999917e-02
-2.232400000000000009e-02
-2.185899999999999996e-02
-1.886699999999999836e-02
-1.654600000000000168e-02
-1.651700000000000043e-02
-1.686299999999999952e-02
-1.671600000000000169e-02
-1.488500000000000066e-02
-1.192999999999999963e-02
-9.641999999999999529e-03
-1.075599999999999994e-02
-1.371200000000000023e-02
-1.669100000000000097e-02
-2.051800000000000151e-02
-2.809999999999999998e-02
-3.793300000000000144e-02
-4.503200000000000258e-02
-4.316400000000000098e-02
-3.203799999999999704e-02
-1.724900000000000044e-02
-8.484000000000000222e-03
-7.295000000000000269e-03
-7.075999999999999825e-03
-4.287000000000000012e-03
-4.700000000000000185e-03
-9.577000000000000443e-03
-1.970900000000000082e-02
-3.266800000000000259e-02
-3.834800000000000014e-02
-3.488600000000000034e-02
-2.655000000000000068e-02
-1.819300000000000084e-02
-1.057499999999999933e-02
-2.520000000000000104e-03
3.621000000000000087e-03
4.155999999999999972e-03
-1.781000000000000031e-03
-9.759999999999999579e-03
-1.316400000000000035e-02
-1.352300000000000030e-02
-1.733200000000000018e-02
-2.147299999999999903e-02
-1.951599999999999863e-02
-1.078800000000000071e-02
-2.939999999999999905e-04
5.588000000000000085e-03
6.029999999999999770e-03
5.555000000000000042e-03
7.707999999999999574e-03
1.017000000000000022e-02
1.067000000000000066e-02
1.229399999999999937e-02
1.613099999999999951e-02
2.218200000000000033e-02
2.746900000000000036e-02
2.770999999999999852e-02
2.211799999999999877e-02
1.359100000000000065e-02
4.179999999999999688e-03
-2.230000000000000211e-03
-7.016999999999999800e-03
-1.221999999999999996e-02
-1.614300000000000110e-02
-1.509300000000000051e-02
-1.258300000000000043e-02
-1.238799999999999971e-02
-1.263399999999999940e-02
-1.087899999999999978e-02
-7.919999999999999957e-03
-5.206999999999999823e-03
-3.710999999999999889e-03
-3.425000000000000093e-03
-1.938000000000000052e-03
1.453999999999999997e-03
4.904000000000000373e-03
4.799999999999999580e-03
1.843999999999999936e-03
-1.103999999999999947e-03
-3.691999999999999969e-03
-5.650999999999999773e-03
-5.333000000000000067e-03
-2.771000000000000026e-03
3.510000000000000208e-04
3.921000000000000006e-03
6.150000000000000085e-03
7.945000000000000673e-03
9.839000000000000523e-03
1.244400000000000020e-02
1.728599999999999928e-02
2.064200000000000063e-02
1.896899999999999975e-02
1.233800000000000001e-02
4.719999999999999803e-04
-8.248999999999999388e-03
-8.850999999999999493e-03
-4.648000000000000222e-03
3.690000000000000138e-03
1.261999999999999927e-02
2.039399999999999893e-02
2.685500000000000040e-02
3.103500000000000009e-02
3.034799999999999998e-02
2.619900000000000007e-02
2.092199999999999963e-02
1.580000000000000154e-02
1.204900000000000068e-02
9.915000000000000202e-03
9.492000000000000437e-03
1.140599999999999947e-02
1.527599999999999965e-02
1.859999999999999848e-02
2.299999999999999961e-02
2.937000000000000027e-02
3.275100000000000233e-02
3.118999999999999898e-02
2.455500000000000044e-02
1.620900000000000118e-02
1.337200000000000021e-02
1.427999999999999929e-02
1.457499999999999941e-02
1.479899999999999965e-02
1.942400000000000029e-02
2.917099999999999901e-02
3.779500000000000220e-02
4.078999999999999987e-02
3.824700000000000322e-02
3.309700000000000142e-02
2.523600000000000149e-02
1.803599999999999995e-02
1.438700000000000048e-02
1.399599999999999976e-02
1.263300000000000013e-02
5.741999999999999708e-03
-2.589000000000000155e-03
-3.484000000000000118e-03
2.253999999999999927e-03
9.608000000000000221e-03
1.960599999999999843e-02
2.981899999999999828e-02
3.686899999999999900e-02
4.028099999999999736e-02
4.139999999999999930e-02
3.959399999999999725e-02
3.041599999999999859e-02
1.246899999999999918e-02
7.519999999999999558e-04
2.560000000000000209e-03
8.259999999999999981e-03
1.190100000000000012e-02
1.507700000000000012e-02
2.103400000000000061e-02
2.645000000000000129e-02
2.575600000000000112e-02
1.814299999999999941e-02
9.636999999999999733e-03
3.356000000000000042e-03
7.100000000000000191e-04
2.651000000000000145e-03
8.217000000000000345e-03
1.538100000000000057e-02
2.119499999999999856e-02
2.353399999999999936e-02
2.064600000000000116e-02
9.995999999999999677e-03
-2.147000000000000037e-03
-8.113999999999999685e-03
-7.395999999999999797e-03
-2.273999999999999980e-03
6.924999999999999732e-03
2.285799999999999985e-02
3.830299999999999677e-02
4.597400000000000098e-02
4.507300000000000195e-02
3.666599999999999721e-02
2.207999999999999893e-02
5.852999999999999696e-03
-7.257000000000000429e-03
-1.369700000000000084e-02
-1.401600000000000068e-02
-8.873000000000000678e-03
2.714999999999999965e-03
1.891500000000000126e-02
2.958399999999999919e-02
3.107199999999999893e-02
2.421600000000000141e-02
1.545499999999999999e-02
7.872999999999999790e-03
-3.976999999999999633e-03
-1.985400000000000012e-02
-2.741199999999999887e-02
-2.401299999999999962e-02
-1.626700000000000021e-02
-7.491000000000000263e-03
2.801000000000000104e-03
1.277200000000000037e-02
2.060599999999999932e-02
2.363699999999999829e-02
1.909399999999999986e-02
9.011999999999999178e-03
-2.262000000000000122e-03
-1.473799999999999936e-02
-2.751200000000000173e-02
-3.475099999999999717e-02
-3.520600000000000118e-02
-3.309600000000000042e-02
-3.248700000000000199e-02
-3.125599999999999906e-02
-2.505999999999999894e-02
-1.562099999999999947e-02
-1.134899999999999971e-02
-1.751099999999999879e-02
-2.894899999999999904e-02
-4.056900000000000089e-02
-5.484800000000000092e-02
-6.823400000000000298e-02
-7.156899999999999373e-02
-6.385399999999999410e-02
-5.038299999999999723e-02
-3.866100000000000092e-02
-3.179900000000000088e-02
-2.767000000000000015e-02
-2.221499999999999864e-02
-1.574700000000000058e-02
-1.317600000000000021e-02
-1.648600000000000065e-02
-2.260900000000000062e-02
-2.888699999999999948e-02
-3.524800000000000155e-02
-3.974099999999999855e-02
-4.400199999999999945e-02
-4.865799999999999986e-02
-5.022700000000000081e-02
-4.781099999999999933e-02
-4.571299999999999669e-02
-4.433100000000000235e-02
-4.172000000000000014e-02
-3.802699999999999830e-02
-3.315200000000000091e-02
-2.905200000000000143e-02
-2.781899999999999998e-02
-2.815199999999999994e-02
-2.822300000000000156e-02
-2.699100000000000110e-02
-2.138699999999999976e-02
-1.335399999999999955e-02
-8.193999999999999895e-03
-7.950000000000000469e-03
-1.151600000000000019e-02
-1.678100000000000078e-02
-2.185000000000000137e-02
-2.403100000000000028e-02
-2.323199999999999918e-02
-2.077400000000000080e-02
-1.789900000000000171e-02
-1.402499999999999927e-02
-8.193000000000000629e-03
-1.712999999999999896e-03
2.309999999999999987e-03
5.284999999999999767e-03
8.186000000000000568e-03
9.560000000000000789e-03
8.602000000000000271e-03
5.217000000000000283e-03
-3.690000000000000246e-04
-5.350999999999999854e-03
-5.819999999999999653e-03
-3.657999999999999793e-03
-5.259999999999999919e-04
3.510999999999999798e-03
7.701999999999999645e-03
1.349900000000000058e-02
1.871499999999999900e-02
1.841100000000000028e-02
1.413700000000000026e-02
7.178000000000000352e-03
6.960000000000000041e-04
-2.227999999999999946e-03
-1.111999999999999924e-03
4.304999999999999799e-03
9.010999999999999913e-03
9.948999999999999511e-03
8.420999999999999666e-03
5.786000000000000344e-03
3.322999999999999999e-03
2.950000000000000148e-04
-6.916000000000000272e-03
-1.314000000000000064e-02
-1.497899999999999926e-02
-1.651800000000000143e-02
-1.683499999999999927e-02
-1.112600000000000047e-02
-1.730000000000000038e-04
7.461999999999999883e-03
8.637999999999999845e-03
5.198999999999999629e-03
-6.650000000000000095e-04
-7.511999999999999580e-03
-1.196700000000000021e-02
-1.136500000000000010e-02
-7.211999999999999661e-03
-2.920999999999999985e-03
2.230999999999999910e-03
1.084300000000000021e-02
1.978800000000000003e-02
2.228000000000000119e-02
1.681799999999999962e-02
8.340000000000000191e-03
3.034999999999999937e-03
9.529999999999999626e-04
-1.273000000000000043e-03
-2.700000000000000143e-03
8.799999999999999771e-05
6.556000000000000195e-03
1.493099999999999983e-02
2.078500000000000139e-02
2.335900000000000129e-02
2.545499999999999846e-02
2.652799999999999950e-02
2.474000000000000157e-02
2.231599999999999903e-02
2.184099999999999930e-02
2.218799999999999939e-02
2.220899999999999958e-02
2.237400000000000153e-02
2.369999999999999885e-02
2.454299999999999884e-02
2.363300000000000123e-02
2.111700000000000035e-02
1.843500000000000000e-02
1.640099999999999891e-02
1.070899999999999977e-02
2.049999999999999956e-04
-9.180000000000000659e-03
-1.350999999999999944e-02
-1.402600000000000027e-02
-1.188400000000000047e-02
-6.871999999999999637e-03
7.849999999999999990e-04
8.144999999999999463e-03
1.339899999999999945e-02
1.548800000000000003e-02
1.364399999999999988e-02
9.915000000000000202e-03
4.427000000000000379e-03
-2.209000000000000026e-03
-5.440000000000000391e-03
-4.910999999999999567e-03
-2.432999999999999833e-03
2.262000000000000122e-03
7.974000000000000185e-03
1.313500000000000084e-02
1.546900000000000011e-02
1.291600000000000040e-02
1.047599999999999920e-02
1.066300000000000060e-02
1.106700000000000045e-02
1.073700000000000002e-02
8.474000000000000629e-03
6.562000000000000124e-03
9.206999999999999906e-03
1.467100000000000001e-02
1.638600000000000126e-02
1.668299999999999991e-02
1.892599999999999838e-02
1.967899999999999858e-02
1.563900000000000012e-02
9.771000000000000171e-03
7.335000000000000374e-03
1.136500000000000010e-02
2.004500000000000032e-02
2.940399999999999958e-02
3.623500000000000332e-02
3.924199999999999910e-02
3.918200000000000155e-02
3.663600000000000190e-02
3.334100000000000258e-02
2.881500000000000034e-02
2.409199999999999883e-02
2.192300000000000151e-02
2.109700000000000117e-02
2.008800000000000169e-02
2.027500000000000135e-02
2.188700000000000020e-02
2.329000000000000167e-02
2.348300000000000040e-02
2.225699999999999901e-02
2.036299999999999916e-02
1.771400000000000058e-02
1.311299999999999966e-02
6.242000000000000152e-03
1.278000000000000056e-03
-2.222000000000000017e-03
-6.152999999999999615e-03
-9.702999999999999819e-03
-1.144900000000000084e-02
-9.700000000000000289e-03
-4.453999999999999626e-03
8.069999999999999916e-04
2.980000000000000010e-03
4.442999999999999901e-03
6.374000000000000325e-03
6.642999999999999600e-03
3.771000000000000046e-03
-1.778999999999999982e-03
-8.288999999999999493e-03
-1.756100000000000022e-02
-2.596100000000000144e-02
-2.935099999999999862e-02
-3.097799999999999859e-02
-3.166900000000000270e-02
-2.930999999999999925e-02
-2.415899999999999992e-02
-1.852900000000000033e-02
-1.357300000000000000e-02
-1.090700000000000003e-02
-9.315999999999999628e-03
-6.089999999999999927e-03
-1.059000000000000045e-03
2.044999999999999943e-03
-5.569999999999999864e-04
-5.562000000000000104e-03
-1.158099999999999928e-02
-1.895000000000000157e-02
-2.707599999999999937e-02
-3.238699999999999912e-02
-3.118599999999999844e-02
-2.241699999999999943e-02
-8.972000000000000808e-03
2.429999999999999868e-03
9.006000000000000116e-03
1.098599999999999924e-02
7.584999999999999729e-03
5.270000000000000162e-04
-7.755999999999999873e-03
-1.305100000000000010e-02
-1.495900000000000007e-02
-1.289700000000000048e-02
-7.352000000000000028e-03
-1.699999999999999905e-03
2.700999999999999842e-03
5.407999999999999613e-03
6.943999999999999652e-03
9.742000000000000659e-03
1.293300000000000005e-02
1.294799999999999944e-02
9.313000000000000098e-03
3.870999999999999875e-03
-1.649999999999999991e-04
-2.527999999999999865e-03
-4.427000000000000379e-03
-4.166000000000000432e-03
5.910000000000000539e-04
9.417000000000000023e-03
1.580300000000000107e-02
1.716900000000000023e-02
1.453499999999999931e-02
1.018999999999999941e-02
6.965999999999999970e-03
3.635999999999999909e-03
1.209000000000000005e-03
4.659999999999999971e-04
2.890000000000000208e-03
8.056000000000000660e-03
1.124400000000000052e-02
1.083100000000000035e-02
8.611000000000000598e-03
5.242000000000000132e-03
3.209999999999999963e-04
-5.231999999999999672e-03
-1.012200000000000079e-02
-1.138899999999999982e-02
-8.262000000000000247e-03
-5.145000000000000268e-03
-1.067999999999999939e-03
2.135999999999999878e-03
2.040999999999999846e-03
-2.799999999999999755e-04
-3.693999999999999801e-03
-7.779999999999999589e-03
-1.077499999999999986e-02
-1.190899999999999945e-02
-1.111200000000000035e-02
-8.236999999999999530e-03
-6.819000000000000408e-03
-7.255000000000000164e-03
-8.685999999999999277e-03
-1.096300000000000052e-02
-1.202300000000000070e-02
-1.241699999999999922e-02
-1.458199999999999948e-02
-1.863000000000000073e-02
-2.370600000000000138e-02
-2.696000000000000132e-02
-2.540500000000000050e-02
-2.073900000000000049e-02
-1.566199999999999884e-02
-9.776999999999999233e-03
-6.840999999999999859e-03
-7.163000000000000096e-03
-7.545999999999999756e-03
-7.479000000000000405e-03
-9.400000000000000369e-03
-1.351300000000000071e-02
-1.782399999999999957e-02
-2.076300000000000021e-02
-2.125900000000000012e-02
-2.104400000000000021e-02
-2.296899999999999983e-02
-2.526899999999999979e-02
-2.389399999999999857e-02
-2.117499999999999938e-02
-2.127700000000000077e-02
-2.308999999999999941e-02
-2.211300000000000071e-02
-1.763599999999999890e-02
-1.275199999999999945e-02
-1.129800000000000075e-02
-1.010299999999999913e-02
-5.311999999999999882e-03
2.039999999999999984e-04
1.516999999999999902e-03
-2.833000000000000015e-03
-8.094999999999999765e-03
-1.088500000000000058e-02
-1.074800000000000061e-02
-7.924000000000000488e-03
-3.216000000000000109e-03
2.206000000000000062e-03
5.986000000000000001e-03
6.433999999999999615e-03
5.948000000000000162e-03
5.270000000000000379e-03
1.557000000000000007e-03
-3.513000000000000064e-03
-6.575000000000000115e-03
-7.638999999999999957e-03
-7.370999999999999948e-03
-5.906999999999999924e-03
-4.538000000000000367e-03
-3.330000000000000061e-03
-2.043000000000000111e-03
-1.061000000000000094e-03
-2.220000000000000185e-03
-3.416999999999999899e-03
-3.938999999999999793e-03
-5.066000000000000190e-03
-5.498000000000000283e-03
-5.075999999999999783e-03
-4.112000000000000204e-03
-5.276000000000000308e-03
-8.347999999999999518e-03
-1.091699999999999962e-02
-1.262500000000000080e-02
-1.410400000000000022e-02
-1.468399999999999914e-02
-1.389899999999999990e-02
-1.147199999999999956e-02
-7.616000000000000374e-03
-3.542000000000000010e-03
7.600000000000000418e-05
1.048000000000000103e-03
-1.433000000000000029e-03
-5.426000000000000267e-03
-9.341999999999999610e-03
-1.161300000000000006e-02
-1.060000000000000005e-02
-7.047999999999999578e-03
-2.811999999999999830e-03
1.355000000000000085e-03
7.099000000000000275e-03
1.093799999999999981e-02
1.208299999999999999e-02
1.178099999999999981e-02
1.111499999999999988e-02
1.083300000000000061e-02
8.247000000000000858e-03
2.684000000000000188e-03
-1.425999999999999967e-03
-1.694999999999999892e-03
-1.160000000000000007e-04
3.615000000000000158e-03
9.872999999999999832e-03
1.764900000000000149e-02
2.223999999999999935e-02
2.272300000000000014e-02
2.137299999999999964e-02
1.940700000000000064e-02
1.468299999999999987e-02
6.497000000000000171e-03
7.299999999999999903e-05
-6.989999999999999686e-04
3.442999999999999880e-03
9.332000000000000017e-03
1.604699999999999876e-02
2.209399999999999906e-02
2.563999999999999960e-02
2.588700000000000029e-02
2.416000000000000092e-02
2.116000000000000172e-02
1.660100000000000117e-02
1.171200000000000019e-02
8.673999999999999419e-03
7.588000000000000127e-03
8.947000000000000092e-03
1.180299999999999926e-02
1.460900000000000046e-02
1.780100000000000085e-02
2.182900000000000118e-02
2.472099999999999992e-02
2.543799999999999881e-02
2.352699999999999930e-02
2.119400000000000103e-02
2.066899999999999987e-02
2.009100000000000122e-02
2.003500000000000072e-02
2.217600000000000127e-02
2.296700000000000130e-02
2.065600000000000075e-02
1.762899999999999884e-02
1.621699999999999878e-02
1.768700000000000133e-02
2.062399999999999997e-02
2.335299999999999876e-02
2.514200000000000115e-02
2.353099999999999983e-02
1.939899999999999958e-02
1.594399999999999984e-02
1.179799999999999946e-02
7.616000000000000374e-03
6.767999999999999711e-03
8.427000000000000463e-03
1.109300000000000043e-02
1.348000000000000066e-02
1.369599999999999984e-02
1.272500000000000020e-02
1.087800000000000052e-02
7.261000000000000093e-03
1.962999999999999901e-03
-1.971000000000000096e-03
-3.870999999999999875e-03
-3.517000000000000161e-03
-1.975999999999999892e-03
-4.569999999999999952e-04
1.822999999999999968e-03
4.007000000000000145e-03
3.730999999999999941e-03
1.269999999999999970e-04
-4.380000000000000213e-03
-8.446999999999999648e-03
-1.152000000000000073e-02
-1.162799999999999945e-02
-8.347999999999999518e-03
-3.327000000000000096e-03
-7.060000000000000303e-04
-2.590999999999999987e-03
-5.867999999999999952e-03
-8.498000000000000345e-03
-1.013999999999999971e-02
-1.027699999999999968e-02
-8.741999999999999771e-03
-6.132000000000000298e-03
-3.474000000000000091e-03
-2.491999999999999858e-03
-4.663999999999999743e-03
-7.313000000000000056e-03
-8.191999999999999629e-03
-9.646999999999999326e-03
-1.021799999999999965e-02
-9.206999999999999906e-03
-9.339999999999999344e-03
-1.151699999999999946e-02
-1.344200000000000082e-02
-1.356899999999999946e-02
-1.328299999999999967e-02
-1.296600000000000009e-02
-1.165199999999999916e-02
-1.087300000000000072e-02
-1.086600000000000066e-02
-1.005699999999999997e-02
-1.062399999999999976e-02
-1.429199999999999915e-02
-1.762700000000000031e-02
-1.872800000000000159e-02
-1.647399999999999906e-02
-1.271000000000000081e-02
-9.669000000000000511e-03
-5.785000000000000211e-03
-2.135000000000000179e-03
-5.000000000000000409e-06
4.189999999999999931e-04
-3.377999999999999926e-03
-9.665999999999999245e-03
-1.380999999999999936e-02
-1.327399999999999934e-02
-1.024899999999999943e-02
-6.679000000000000041e-03
-3.245000000000000055e-03
5.789999999999999791e-04
3.138000000000000164e-03
2.085000000000000048e-03
-2.334999999999999836e-03
-5.910999999999999588e-03
-4.965999999999999928e-03
-1.438999999999999958e-03
1.252000000000000075e-03
3.132999999999999934e-03
4.915000000000000098e-03
4.937999999999999681e-03
1.128000000000000096e-03
-4.609000000000000249e-03
-8.203000000000000222e-03
-8.609999999999999598e-03
-5.799000000000000335e-03
-1.734999999999999997e-03
8.440000000000000236e-04
2.484000000000000097e-03
3.459999999999999968e-03
2.432000000000000134e-03
-3.429999999999999889e-04
-4.797000000000000049e-03
-8.560999999999999166e-03
-8.932999999999999968e-03
-5.217000000000000283e-03
-1.577000000000000060e-03
-1.828999999999999897e-03
-2.448000000000000089e-03
-1.301000000000000073e-03
-7.879999999999999635e-04
-1.968999999999999830e-03
-4.867999999999999931e-03
-7.815000000000000765e-03
-7.988999999999999574e-03
-5.971999999999999878e-03
-5.275000000000000175e-03
-7.036999999999999852e-03
-9.381000000000000449e-03
-1.065400000000000028e-02
-1.178300000000000007e-02
-1.190199999999999939e-02
-1.050700000000000071e-02
-7.579999999999999932e-03
-3.697999999999999898e-03
2.220000000000000022e-04
3.442999999999999880e-03
7.346000000000000099e-03
9.565999999999999850e-03
7.513999999999999846e-03
4.366000000000000089e-03
3.605000000000000131e-03
3.931999999999999731e-03
3.354999999999999909e-03
2.651000000000000145e-03
3.468999999999999861e-03
4.799999999999999580e-03
5.041999999999999607e-03
4.713000000000000175e-03
3.978999999999999898e-03
2.746999999999999876e-03
2.174999999999999850e-03
2.570999999999999935e-03
3.680000000000000111e-03
4.465000000000000219e-03
4.405000000000000061e-03
4.187999999999999882e-03
4.108999999999999805e-03
4.034000000000000259e-03
3.924999999999999670e-03
3.774000000000000011e-03
3.285999999999999859e-03
2.984000000000000107e-03
1.988999999999999883e-03
3.040000000000000167e-04
-1.237999999999999951e-03
-1.758000000000000014e-03
-1.516999999999999902e-03
-1.172999999999999998e-03
-2.030000000000000012e-04
1.636000000000000084e-03
3.239999999999999825e-03
3.677000000000000147e-03
3.392000000000000050e-03
2.719000000000000063e-03
1.801999999999999999e-03
9.479999999999999495e-04
-1.399999999999999979e-05
-5.990000000000000316e-04
1.489999999999999897e-04
1.020999999999999989e-03
1.549999999999999946e-03
2.174999999999999850e-03
2.818000000000000192e-03
3.079000000000000140e-03
2.955000000000000161e-03
2.814999999999999794e-03
2.733000000000000186e-03
2.645000000000000216e-03
2.589000000000000155e-03
2.922999999999999817e-03
3.344999999999999883e-03
3.850000000000000124e-03
4.575000000000000074e-03
5.074999999999999650e-03
5.146999999999999666e-03
4.839000000000000419e-03
3.967000000000000040e-03
2.895000000000000004e-03
2.177999999999999815e-03
1.776999999999999934e-03
1.330999999999999935e-03
9.190000000000000035e-04
7.900000000000000121e-04
7.219999999999999855e-04
6.080000000000000335e-04
3.970000000000000005e-04
7.200000000000000182e-05
-2.439999999999999949e-04
-4.600000000000000139e-04
-5.010000000000000347e-04
-4.099999999999999912e-04
-3.269999999999999795e-04
-4.180000000000000230e-04
-5.069999999999999637e-04
-4.979999999999999618e-04
-4.800000000000000122e-04
-4.800000000000000122e-04
-4.780000000000000178e-04
-4.730000000000000046e-04
-5.150000000000000498e-04
-6.520000000000000188e-04
-7.609999999999999577e-04
-8.390000000000000105e-04
-8.540000000000000499e-04
-7.839999999999999747e-04
-7.050000000000000060e-04
-6.019999999999999961e-04
-4.499999999999999877e-04
-2.930000000000000204e-04
-2.139999999999999975e-04
-1.859999999999999945e-04
-1.669999999999999935e-04
-1.900000000000000105e-04
-2.290000000000000098e-04
-2.390000000000000089e-04
-2.280000000000000126e-04
-2.439999999999999949e-04
-2.869999999999999830e-04
-3.110000000000000243e-04
-3.240000000000000150e-04
-3.170000000000000075e-04
-3.009999999999999980e-04
-3.069999999999999812e-04
-3.249999999999999851e-04
-3.179999999999999776e-04
-3.080000000000000055e-04
-3.179999999999999776e-04
-3.289999999999999739e-04
-3.299999999999999982e-04
-3.260000000000000094e-04
-3.220000000000000206e-04
-3.249999999999999851e-04
-3.359999999999999814e-04
-3.429999999999999889e-04
-3.499999999999999964e-04
-3.559999999999999797e-04
-3.620000000000000171e-04
-3.680000000000000003e-04
-3.699999999999999947e-04
-3.730000000000000134e-04
-3.780000000000000265e-04
-3.840000000000000097e-04
-3.910000000000000172e-04
-3.970000000000000005e-04
-4.040000000000000080e-04
-4.110000000000000155e-04
-4.180000000000000230e-04
-4.249999999999999763e-04
-4.330000000000000081e-04
-4.400000000000000157e-04
-4.479999999999999933e-04
-4.550000000000000008e-04
-4.629999999999999784e-04
-4.710000000000000102e-04
-4.789999999999999879e-04
