-3.300000000000000253e-05
-3.899999999999999929e-05
-3.600000000000000091e-05
-4.800000000000000122e-05
-4.699999999999999724e-05
-5.399999999999999798e-05
-4.600000000000000004e-05
-5.599999999999999916e-05
-6.999999999999999387e-05
-1.050000000000000044e-04
-1.369999999999999961e-04
-1.859999999999999945e-04
-2.020000000000000040e-04
-1.939999999999999993e-04
-1.569999999999999944e-04
-1.240000000000000054e-04
-7.100000000000000462e-05
-1.200000000000000030e-05
7.100000000000000462e-05
1.450000000000000009e-04
1.930000000000000021e-04
1.969999999999999909e-04
2.049999999999999956e-04
2.110000000000000059e-04
2.269999999999999882e-04
2.079999999999999872e-04
9.100000000000000287e-05
-9.200000000000000007e-05
-2.000000000000000096e-04
-2.410000000000000033e-04
-2.739999999999999923e-04
-3.339999999999999870e-04
-3.989999999999999949e-04
-4.629999999999999784e-04
-5.270000000000000162e-04
-5.959999999999999586e-04
-6.750000000000000357e-04
-7.119999999999999593e-04
-3.499999999999999693e-05
2.007000000000000103e-03
3.178999999999999968e-03
2.308000000000000156e-03
7.600000000000000418e-04
-4.440000000000000045e-04
-4.479999999999999933e-04
1.392999999999999924e-03
4.355999999999999629e-03
6.101999999999999785e-03
2.193000000000000071e-03
-5.141999999999999869e-03
-7.588000000000000127e-03
-4.363999999999999824e-03
-3.009999999999999980e-04
4.499999999999999877e-04
-1.075000000000000001e-03
-1.458000000000000095e-03
-3.559999999999999797e-04
6.650000000000000095e-04
-2.098000000000000038e-03
-4.648000000000000222e-03
4.679999999999999915e-04
7.329999999999999710e-03
3.576000000000000185e-03
-9.169999999999999332e-03
-1.392200000000000035e-02
-6.317999999999999831e-03
3.801000000000000125e-03
1.064400000000000068e-02
5.566999999999999900e-03
-1.095000000000000053e-03
1.347000000000000107e-03
7.978000000000000716e-03
1.344399999999999935e-02
1.640099999999999891e-02
1.011500000000000073e-02
9.150000000000000147e-04
1.589999999999999888e-04
2.180000000000000134e-04
-5.072000000000000119e-03
-9.849999999999999381e-03
-6.334000000000000220e-03
2.419000000000000143e-03
5.233999999999999937e-03
-2.606999999999999942e-03
-1.376100000000000066e-02
-1.357500000000000026e-02
2.573999999999999899e-03
1.441899999999999953e-02
3.080000000000000055e-04
-2.572800000000000087e-02
-2.060000000000000026e-02
1.549500000000000009e-02
2.883900000000000005e-02
-1.402000000000000034e-03
-3.499499999999999833e-02
-2.690000000000000030e-02
9.962000000000000369e-03
1.307299999999999955e-02
-1.092599999999999995e-02
-1.021900000000000065e-02
1.968400000000000011e-02
3.370200000000000279e-02
6.670999999999999847e-03
-3.872699999999999754e-02
-5.254700000000000343e-02
-8.694999999999999604e-03
5.182599999999999707e-02
5.029600000000000043e-02
-1.001999999999999939e-02
-5.393300000000000177e-02
-2.103800000000000114e-02
3.020700000000000121e-02
9.176999999999999394e-03
-3.930100000000000260e-02
-4.256200000000000261e-02
-8.724000000000000851e-03
2.169899999999999954e-02
1.686999999999999958e-02
-2.622299999999999978e-02
-5.915600000000000025e-02
-3.951199999999999851e-02
1.240100000000000056e-02
4.157299999999999884e-02
2.243500000000000008e-02
-8.394999999999999685e-03
-5.627000000000000057e-03
4.464000000000000086e-03
3.278999999999999797e-03
5.878000000000000412e-03
1.630300000000000152e-02
2.735200000000000131e-02
1.954499999999999987e-02
-5.185000000000000372e-03
-3.024599999999999858e-02
-2.802800000000000083e-02
2.207000000000000194e-03
3.638299999999999867e-02
4.345899999999999763e-02
1.976699999999999985e-02
-1.045199999999999949e-02
-1.821700000000000055e-02
1.820999999999999919e-03
1.896000000000000116e-02
9.362999999999999795e-03
-9.015999999999999709e-03
-5.451000000000000116e-03
1.574899999999999911e-02
1.689200000000000076e-02
-9.017999999999999974e-03
-2.443199999999999886e-02
-1.516100000000000086e-02
1.879999999999999944e-03
1.145799999999999944e-02
4.341000000000000240e-03
-1.395200000000000086e-02
-1.311700000000000019e-02
1.284700000000000078e-02
3.089099999999999832e-02
1.615799999999999875e-02
-1.055299999999999988e-02
-1.607199999999999948e-02
-2.321000000000000146e-03
1.175499999999999982e-02
1.656200000000000033e-02
1.013400000000000065e-02
-5.649999999999999641e-04
-1.700000000000000122e-04
1.201999999999999943e-02
2.409100000000000130e-02
1.462500000000000085e-02
6.319999999999999663e-04
2.572000000000000067e-03
-1.298500000000000001e-02
-3.396099999999999813e-02
-2.474200000000000010e-02
7.118000000000000195e-03
2.730899999999999994e-02
1.372999999999999915e-02
-1.994399999999999992e-02
-3.542900000000000216e-02
-1.498299999999999979e-02
2.073200000000000043e-02
3.913200000000000012e-02
2.648800000000000113e-02
3.970999999999999704e-03
-9.799999999999999684e-04
6.425000000000000155e-03
8.760000000000000425e-03
4.795999999999999916e-03
6.290000000000000018e-04
1.299999999999999920e-05
7.749999999999999728e-04
1.224000000000000045e-03
2.948999999999999799e-03
7.755999999999999873e-03
1.179000000000000013e-02
8.867999999999999147e-03
-1.310000000000000129e-04
4.510000000000000120e-04
8.799999999999999771e-05
-3.510000000000000208e-04
7.953999999999999265e-03
1.804300000000000001e-02
1.707699999999999843e-02
4.810000000000000039e-03
-8.196999999999999426e-03
-1.565400000000000125e-02
-1.381899999999999969e-02
-6.856000000000000115e-03
-5.740000000000000310e-03
-1.291499999999999940e-02
-1.285500000000000011e-02
-1.077999999999999965e-03
4.508999999999999987e-03
6.212999999999999773e-03
1.456400000000000056e-02
2.652399999999999897e-02
2.614400000000000057e-02
1.052299999999999937e-02
2.939000000000000206e-03
1.124099999999999926e-02
2.265700000000000006e-02
1.887700000000000142e-02
-4.504000000000000191e-03
-3.226199999999999901e-02
-3.645199999999999829e-02
-6.301000000000000177e-03
-3.024000000000000212e-03
-1.357399999999999926e-02
4.180999999999999821e-03
1.975000000000000019e-02
5.740000000000000310e-03
-2.746999999999999876e-03
1.693300000000000013e-02
2.597400000000000056e-02
8.654000000000000234e-03
-1.693800000000000167e-02
-2.815600000000000047e-02
-2.007600000000000010e-02
-4.499999999999999660e-03
-2.895000000000000004e-03
-1.628699999999999939e-02
-1.857400000000000023e-02
-5.533999999999999857e-03
4.573999999999999941e-03
1.058000000000000086e-02
1.883999999999999911e-02
1.665799999999999920e-02
2.664000000000000135e-03
7.929999999999999549e-03
1.550799999999999922e-02
1.461999999999999975e-03
-2.454500000000000084e-02
-3.489699999999999747e-02
-2.320399999999999893e-02
-5.237000000000000335e-03
7.206999999999999865e-03
1.288000000000000082e-03
-2.133499999999999980e-02
-2.905100000000000043e-02
-1.437100000000000009e-02
5.204000000000000292e-03
1.815599999999999853e-02
2.489299999999999846e-02
1.742399999999999852e-02
8.375999999999999765e-03
1.380499999999999956e-02
1.571200000000000027e-02
2.481000000000000132e-03
-1.237100000000000005e-02
-1.558900000000000043e-02
-9.636000000000000468e-03
-4.575000000000000074e-03
-5.109999999999999959e-03
-1.217700000000000032e-02
-2.479699999999999960e-02
-1.720000000000000001e-02
3.798399999999999693e-02
6.625300000000000633e-02
2.971700000000000036e-02
-2.580999999999999961e-02
-5.843099999999999683e-02
-5.107400000000000134e-02
-2.309500000000000094e-02
1.516999999999999902e-03
1.482499999999999964e-02
1.509699999999999931e-02
-6.180999999999999862e-03
-4.234899999999999776e-02
-4.710299999999999904e-02
-5.134999999999999808e-03
5.086000000000000243e-02
7.195799999999999419e-02
3.350700000000000206e-02
-3.557300000000000045e-02
-9.509700000000000097e-02
-7.489200000000000024e-02
2.535499999999999907e-02
7.467500000000000526e-02
3.509199999999999819e-02
-2.447699999999999876e-02
-4.842799999999999883e-02
-5.542699999999999710e-02
-7.678799999999999515e-02
-5.283399999999999902e-02
3.487599999999999728e-02
7.218800000000000217e-02
1.730999999999999900e-02
-6.234800000000000064e-02
-5.826400000000000329e-02
9.322999999999999690e-03
4.528399999999999787e-02
1.911600000000000105e-02
-3.349499999999999700e-02
-5.535700000000000343e-02
-2.852000000000000021e-02
9.671000000000000776e-03
7.445000000000000229e-03
-2.879999999999999921e-02
-6.499199999999999422e-02
-7.827900000000000136e-02
-6.400300000000000433e-02
-3.921999999999999792e-02
-3.959100000000000119e-02
-9.417499999999999483e-02
-1.280870000000000064e-01
-9.144299999999999651e-02
-2.943799999999999889e-02
-3.115999999999999846e-03
-1.889400000000000107e-02
-2.623500000000000137e-02
-8.980999999999999400e-03
1.137200000000000016e-02
2.119999999999999923e-03
-3.005700000000000038e-02
-2.712699999999999834e-02
3.112099999999999936e-02
1.013990000000000030e-01
9.115099999999999592e-02
-6.642999999999999600e-03
-4.112199999999999883e-02
2.986799999999999872e-02
1.116840000000000055e-01
1.126810000000000034e-01
5.186199999999999838e-02
1.033399999999999944e-02
2.791499999999999884e-02
7.688699999999999701e-02
1.185719999999999968e-01
1.410470000000000057e-01
1.043520000000000003e-01
1.525299999999999920e-02
-4.557699999999999946e-02
-2.556299999999999892e-02
3.192199999999999899e-02
4.327999999999999903e-02
1.798900000000000152e-02
6.989000000000000420e-03
1.626000000000000015e-02
2.691100000000000089e-02
2.990599999999999856e-02
3.090499999999999844e-02
3.395299999999999707e-02
3.893800000000000039e-02
4.869899999999999923e-02
6.674499999999999877e-02
8.774800000000000655e-02
1.080949999999999966e-01
1.263340000000000019e-01
1.394990000000000119e-01
7.996300000000000630e-02
-5.455800000000000233e-02
-1.579909999999999926e-01
-1.411560000000000037e-01
-4.364500000000000324e-02
4.705299999999999760e-02
6.986100000000000643e-02
3.447200000000000264e-02
-3.972999999999999969e-03
3.694999999999999934e-03
6.043799999999999867e-02
1.122409999999999936e-01
1.264619999999999911e-01
1.166009999999999963e-01
1.105089999999999961e-01
1.112299999999999955e-01
1.140860000000000068e-01
1.127230000000000038e-01
1.030620000000000008e-01
8.175399999999999334e-02
5.877700000000000286e-02
5.374000000000000304e-02
7.888000000000000567e-02
9.640799999999999370e-02
7.995599999999999929e-02
4.363199999999999718e-02
1.178700000000000060e-02
-1.490900000000000038e-02
-3.974400000000000155e-02
-5.315199999999999786e-02
-4.744400000000000006e-02
-3.761699999999999766e-02
-4.259500000000000092e-02
-1.333550000000000013e-01
-2.199720000000000009e-01
-1.988169999999999937e-01
-1.203999999999999931e-01
-1.060519999999999935e-01
-1.693099999999999883e-01
-1.841049999999999909e-01
-1.171620000000000023e-01
-6.019900000000000251e-02
-6.474499999999999700e-02
-8.198600000000000332e-02
-6.127900000000000014e-02
-1.737500000000000155e-02
-1.663999999999999898e-03
-2.342800000000000091e-02
-3.024800000000000058e-02
-5.086199999999999749e-02
-1.153129999999999988e-01
-1.861240000000000117e-01
-2.165320000000000022e-01
-2.036149999999999904e-01
-1.871339999999999948e-01
-1.919510000000000105e-01
-1.691830000000000001e-01
-8.853400000000000158e-02
1.492500000000000077e-02
1.068049999999999972e-01
1.621340000000000003e-01
1.795660000000000034e-01
1.767859999999999987e-01
1.713959999999999928e-01
2.173509999999999887e-01
2.466260000000000119e-01
2.012230000000000130e-01
1.298690000000000122e-01
7.889100000000000279e-02
7.436500000000000055e-02
7.175399999999999834e-02
7.790000000000000049e-03
-1.028030000000000055e-01
-1.720760000000000067e-01
-1.469840000000000035e-01
-6.915100000000000413e-02
1.394999999999999973e-03
5.620800000000000102e-02
1.068120000000000042e-01
1.245720000000000022e-01
6.859899999999999332e-02
-1.112600000000000047e-02
-3.314899999999999791e-02
-2.841999999999999908e-03
-7.488999999999999997e-03
-1.014229999999999993e-01
-2.402720000000000133e-01
-3.037810000000000232e-01
-2.211049999999999960e-01
-7.102600000000000580e-02
-1.993100000000000080e-02
-7.986899999999999555e-02
-1.373139999999999916e-01
-1.018609999999999932e-01
-2.792999999999999910e-03
3.059800000000000020e-02
-3.641300000000000092e-02
-1.298860000000000015e-01
-1.473720000000000030e-01
-6.925900000000000112e-02
1.311799999999999945e-02
9.640000000000000131e-04
-7.508499999999999897e-02
-7.116100000000000203e-02
3.220300000000000246e-02
1.368860000000000077e-01
1.335610000000000130e-01
5.088000000000000161e-02
5.924999999999999711e-02
1.825080000000000036e-01
2.939359999999999751e-01
2.844599999999999906e-01
1.903930000000000067e-01
1.001920000000000033e-01
3.466500000000000137e-02
-2.609300000000000161e-02
-9.369299999999999851e-02
-1.531629999999999936e-01
-1.519570000000000087e-01
-9.161800000000000499e-02
-2.472799999999999998e-02
2.871900000000000147e-02
7.536600000000000243e-02
1.201310000000000017e-01
8.936199999999999699e-02
-2.363799999999999929e-02
-7.649599999999999456e-02
-2.754600000000000104e-02
9.967000000000000165e-03
-1.374900000000000080e-02
-5.250699999999999812e-02
-6.351500000000000201e-02
-5.574899999999999994e-02
-5.093400000000000011e-02
-5.401299999999999851e-02
-5.726300000000000140e-02
-5.078499999999999681e-02
-1.031900000000000005e-02
5.803200000000000025e-02
1.250320000000000042e-01
1.381539999999999990e-01
9.803000000000000602e-02
5.093199999999999811e-02
1.556500000000000071e-02
-1.444400000000000024e-02
-4.729300000000000170e-02
-7.605199999999999461e-02
-9.057500000000000273e-02
-9.405800000000000272e-02
-9.676500000000000379e-02
-9.934700000000000475e-02
-9.979999999999999982e-02
-9.875799999999999856e-02
-1.032379999999999964e-01
-1.188059999999999949e-01
-1.409440000000000137e-01
-1.626199999999999868e-01
-1.800239999999999896e-01
-1.751290000000000069e-01
-1.390520000000000089e-01
-8.990700000000000081e-02
-4.444599999999999940e-02
-4.135999999999999920e-03
3.466099999999999737e-02
6.323600000000000054e-02
7.912600000000000189e-02
9.033800000000000163e-02
9.019099999999999340e-02
7.192400000000000182e-02
4.464300000000000213e-02
1.921899999999999997e-02
3.168999999999999942e-03
2.132000000000000214e-03
1.067300000000000020e-02
1.639900000000000038e-02
1.874599999999999878e-02
2.965999999999999887e-02
4.308300000000000324e-02
3.074800000000000103e-02
-6.141999999999999890e-03
-4.198799999999999755e-02
-1.835300000000000126e-02
5.326299999999999785e-02
7.718400000000000261e-02
3.719399999999999790e-02
-1.369000000000000078e-02
-4.099400000000000266e-02
-3.144700000000000273e-02
-1.381600000000000016e-02
-2.269200000000000036e-02
-4.911499999999999894e-02
-6.351999999999999313e-02
-5.118099999999999733e-02
-4.597299999999999998e-02
-7.277899999999999647e-02
-9.222199999999999842e-02
-4.769799999999999734e-02
2.952400000000000163e-02
5.440500000000000197e-02
2.488900000000000140e-02
2.335599999999999829e-02
7.596100000000000074e-02
1.143529999999999963e-01
1.191809999999999953e-01
1.096609999999999946e-01
7.697800000000000475e-02
4.190699999999999981e-02
4.914500000000000118e-02
8.240799999999999514e-02
9.289799999999999447e-02
7.770499999999999630e-02
6.031500000000000056e-02
5.898899999999999977e-02
7.627399999999999458e-02
1.006810000000000066e-01
1.120669999999999999e-01
9.527299999999999658e-02
5.990499999999999992e-02
2.571199999999999875e-02
-9.229999999999999923e-04
-2.221199999999999911e-02
-4.350699999999999706e-02
-6.455600000000000227e-02
-8.481299999999999950e-02
-1.033560000000000034e-01
-1.198860000000000064e-01
-1.092010000000000064e-01
-6.611300000000000510e-02
-4.994699999999999834e-02
-1.137549999999999950e-01
-1.427710000000000090e-01
-7.460600000000000565e-02
-1.454500000000000064e-02
-2.113800000000000054e-02
-5.554400000000000309e-02
-6.466099999999999626e-02
-2.464399999999999924e-02
4.066800000000000276e-02
6.488099999999999423e-02
3.179799999999999988e-02
-1.743300000000000058e-02
-3.018500000000000003e-02
1.755400000000000016e-02
9.212499999999999856e-02
1.123910000000000048e-01
8.399600000000000122e-02
1.158779999999999949e-01
2.252599999999999880e-01
3.440920000000000090e-01
4.107549999999999812e-01
4.172540000000000138e-01
4.208740000000000259e-01
4.506430000000000158e-01
4.875740000000000074e-01
5.164849999999999719e-01
5.355910000000000393e-01
4.934169999999999945e-01
3.491380000000000039e-01
2.079679999999999862e-01
1.446169999999999956e-01
1.187799999999999967e-01
8.008600000000000441e-02
2.454500000000000084e-02
-2.800400000000000111e-02
-7.119399999999999340e-02
-9.665700000000000680e-02
-1.014869999999999939e-01
-1.045539999999999942e-01
-1.183529999999999999e-01
-1.358219999999999983e-01
-1.395109999999999961e-01
-1.277330000000000132e-01
-1.142780000000000046e-01
-1.126619999999999983e-01
-1.478260000000000129e-01
-1.968290000000000040e-01
-2.056669999999999887e-01
-1.760940000000000005e-01
-1.427539999999999920e-01
-1.197209999999999941e-01
-1.005619999999999986e-01
-8.448600000000000554e-02
-6.954499999999999571e-02
-3.904500000000000332e-02
6.588000000000000106e-03
3.744900000000000312e-02
4.528900000000000287e-02
4.411999999999999950e-02
3.282199999999999701e-02
1.182000000000000065e-02
2.635000000000000189e-03
1.523399999999999928e-02
3.631500000000000006e-02
5.348499999999999782e-02
5.765100000000000086e-02
5.993099999999999816e-02
7.142400000000000138e-02
8.578600000000000114e-02
9.774399999999999755e-02
1.074719999999999981e-01
1.159410000000000024e-01
1.081609999999999933e-01
7.493199999999999861e-02
3.077399999999999927e-02
-5.576000000000000227e-03
-2.647700000000000053e-02
-3.834100000000000008e-02
-5.039899999999999936e-02
-5.947399999999999909e-02
-5.492099999999999760e-02
-3.925200000000000217e-02
-3.856899999999999912e-02
-6.321100000000000330e-02
-1.058800000000000019e-01
-1.532139999999999891e-01
-1.976120000000000099e-01
-2.391079999999999872e-01
-2.796910000000000229e-01
-3.192679999999999962e-01
-3.556250000000000244e-01
-3.656059999999999865e-01
-3.456339999999999968e-01
-3.231899999999999773e-01
-3.461170000000000080e-01
-3.914050000000000029e-01
-3.673159999999999759e-01
-2.720299999999999940e-01
-1.720160000000000022e-01
-1.258549999999999947e-01
-1.279299999999999882e-01
-1.049830000000000069e-01
-3.466000000000000331e-02
4.544999999999999735e-02
7.081199999999999994e-02
4.208499999999999741e-02
1.589799999999999894e-02
4.334799999999999764e-02
1.122869999999999979e-01
1.799290000000000056e-01
2.353790000000000049e-01
2.854820000000000135e-01
3.284400000000000097e-01
3.597190000000000110e-01
3.837969999999999993e-01
4.067219999999999724e-01
4.282679999999999820e-01
4.209339999999999749e-01
3.423619999999999997e-01
2.146039999999999892e-01
1.123569999999999985e-01
7.603000000000000036e-02
6.582699999999999663e-02
2.906399999999999956e-02
-2.430500000000000022e-02
-4.836599999999999927e-02
-3.831099999999999783e-02
-2.397000000000000172e-02
-1.776900000000000007e-02
-1.643700000000000022e-02
-3.225700000000000095e-02
-7.287299999999999334e-02
-1.085750000000000048e-01
-1.266170000000000073e-01
-1.661739999999999884e-01
-2.418009999999999882e-01
-3.232129999999999725e-01
-3.761900000000000244e-01
-3.641630000000000145e-01
-3.133270000000000222e-01
-2.943200000000000260e-01
-3.162639999999999896e-01
-3.082779999999999965e-01
-2.279879999999999962e-01
-1.381060000000000065e-01
-9.957599999999999785e-02
-8.983700000000000019e-02
-5.984699999999999742e-02
-4.505999999999999589e-03
4.092500000000000304e-02
6.208400000000000030e-02
7.220699999999999341e-02
8.386200000000000598e-02
8.234700000000000353e-02
6.305499999999999994e-02
2.861100000000000101e-02
-1.482400000000000037e-02
-5.891099999999999809e-02
-9.862100000000000033e-02
-1.102439999999999948e-01
-8.331500000000000017e-02
-7.517799999999999483e-02
-1.175220000000000015e-01
-1.382520000000000138e-01
-9.029399999999999926e-02
-1.202800000000000050e-02
5.508300000000000002e-02
9.016399999999999415e-02
9.328599999999999393e-02
8.939400000000000124e-02
1.059630000000000016e-01
1.383949999999999902e-01
1.685119999999999951e-01
1.719459999999999877e-01
1.389469999999999872e-01
1.072440000000000060e-01
9.992600000000000093e-02
7.749999999999999944e-02
2.446399999999999963e-02
-3.649499999999999966e-02
-8.837799999999999823e-02
-1.291819999999999913e-01
-1.468299999999999883e-01
-1.390609999999999902e-01
-1.205269999999999953e-01
-1.025299999999999961e-01
-6.769400000000000417e-02
1.030000000000000100e-03
8.602400000000000324e-02
1.281680000000000041e-01
1.033120000000000011e-01
5.100099999999999772e-02
1.794099999999999862e-02
1.938000000000000052e-03
-2.197100000000000095e-02
-5.506400000000000183e-02
-7.864699999999999469e-02
-8.774099999999999955e-02
-9.349599999999999578e-02
-9.849900000000000322e-02
-8.920799999999999563e-02
-6.404400000000000370e-02
-3.699100000000000305e-02
-1.913499999999999923e-02
-2.736900000000000097e-02
-3.991399999999999809e-02
-2.373400000000000162e-02
8.250999999999999654e-03
1.290200000000000027e-02
-1.415399999999999991e-02
-4.385800000000000115e-02
-5.042399999999999660e-02
-2.736799999999999997e-02
-1.085999999999999943e-03
6.951999999999999846e-03
6.978999999999999961e-03
8.916000000000000314e-03
3.605999999999999830e-03
-9.419000000000000289e-03
-1.773599999999999829e-02
-5.496000000000000017e-03
-1.423999999999999919e-03
-2.261099999999999915e-02
-5.125899999999999901e-02
-5.913000000000000200e-02
-4.367399999999999755e-02
-2.343599999999999850e-02
-2.224999999999999981e-03
3.507899999999999907e-02
6.770600000000000229e-02
6.266900000000000248e-02
3.326599999999999696e-02
3.443800000000000333e-02
8.514399999999999746e-02
1.516490000000000060e-01
2.034189999999999887e-01
2.025480000000000058e-01
1.577340000000000131e-01
1.157019999999999993e-01
8.307900000000000007e-02
4.607699999999999990e-02
5.026000000000000086e-03
-6.210000000000000242e-04
3.605099999999999971e-02
8.151200000000000112e-02
1.159759999999999958e-01
1.142490000000000033e-01
7.453500000000000403e-02
4.179999999999999688e-02
2.796099999999999974e-02
1.130199999999999955e-02
-1.395099999999999986e-02
-3.048500000000000168e-02
-2.735399999999999984e-02
-2.294900000000000065e-02
-3.585699999999999998e-02
-3.821599999999999997e-02
1.195000000000000055e-02
9.828000000000000624e-02
1.732690000000000063e-01
2.027269999999999905e-01
2.001199999999999923e-01
1.966559999999999975e-01
1.862959999999999894e-01
1.446260000000000046e-01
7.871300000000000519e-02
1.348000000000000066e-02
-4.312200000000000061e-02
-9.115299999999999792e-02
-1.346160000000000134e-01
-1.761070000000000135e-01
-2.134129999999999916e-01
-2.125839999999999952e-01
-1.703079999999999872e-01
-1.199690000000000062e-01
-7.903100000000000402e-02
-5.345599999999999657e-02
-4.684800000000000075e-02
-4.253300000000000136e-02
-4.712000000000000043e-03
5.937200000000000116e-02
9.886200000000000543e-02
8.818399999999999850e-02
5.346399999999999764e-02
3.404399999999999787e-02
4.881599999999999828e-02
8.292599999999999971e-02
1.140520000000000006e-01
1.395659999999999956e-01
1.643630000000000091e-01
1.878420000000000090e-01
1.703409999999999924e-01
1.353699999999999903e-01
1.233739999999999976e-01
1.129799999999999971e-01
8.192499999999999782e-02
3.739200000000000162e-02
-3.491999999999999878e-03
-3.409399999999999931e-02
-5.133000000000000063e-02
-6.097000000000000336e-02
-6.927700000000000524e-02
-7.317400000000000293e-02
-7.395200000000000384e-02
-8.371499999999999775e-02
-1.022630000000000067e-01
-1.135410000000000030e-01
-1.038329999999999947e-01
-8.207799999999999818e-02
-7.400199999999999834e-02
-8.429499999999999493e-02
-7.837099999999999622e-02
-4.464900000000000119e-02
-4.571999999999999675e-03
2.273299999999999974e-02
2.619399999999999853e-02
3.340900000000000120e-02
6.163300000000000028e-02
9.624499999999999722e-02
1.250439999999999885e-01
1.383020000000000083e-01
1.137660000000000060e-01
5.837200000000000027e-02
7.853999999999999870e-03
-1.980300000000000116e-02
-3.227300000000000307e-02
-2.493899999999999936e-02
6.767999999999999711e-03
4.474700000000000205e-02
5.733900000000000108e-02
2.699599999999999916e-02
1.280599999999999968e-02
4.502799999999999858e-02
9.160799999999999499e-02
1.051679999999999976e-01
6.140700000000000325e-02
-3.555000000000000000e-03
-3.098100000000000159e-02
-2.925900000000000029e-02
-4.245399999999999868e-02
-7.721100000000000185e-02
-1.127269999999999939e-01
-1.278380000000000072e-01
-9.494600000000000262e-02
-2.625399999999999956e-02
4.295999999999999819e-02
8.924799999999999400e-02
1.075259999999999966e-01
1.136729999999999963e-01
1.202320000000000055e-01
1.124119999999999980e-01
6.819999999999999674e-02
2.047000000000000208e-03
-2.905999999999999903e-02
-1.354200000000000022e-02
1.128000000000000010e-02
1.778300000000000020e-02
7.974000000000000185e-03
7.490000000000000130e-03
2.114600000000000160e-02
3.080799999999999858e-02
2.270000000000000143e-02
-4.516000000000000049e-03
-4.133699999999999875e-02
-7.586700000000000388e-02
-1.046249999999999958e-01
-1.029960000000000042e-01
-7.146800000000000375e-02
-3.740899999999999781e-02
-4.815200000000000036e-02
-1.039960000000000051e-01
-1.448220000000000063e-01
-1.275280000000000025e-01
-7.470799999999999663e-02
-3.657599999999999740e-02
-3.289500000000000063e-02
-3.985899999999999860e-02
-4.649699999999999667e-02
-5.984500000000000236e-02
-7.710200000000000387e-02
-8.786099999999999466e-02
-7.720299999999999385e-02
-5.189699999999999869e-02
-2.659100000000000005e-02
-1.514800000000000001e-02
-5.146099999999999980e-02
-1.139639999999999959e-01
-1.137289999999999968e-01
-4.773100000000000259e-02
9.783000000000000029e-03
1.132599999999999926e-02
-1.621099999999999972e-02
1.294000000000000011e-03
8.157699999999999674e-02
1.232769999999999977e-01
8.521199999999999608e-02
2.525300000000000114e-02
9.544999999999999665e-03
4.913599999999999912e-02
8.577899999999999414e-02
8.475800000000000001e-02
6.303000000000000269e-02
4.390899999999999664e-02
3.121900000000000022e-02
2.119800000000000156e-02
2.368500000000000119e-02
4.006699999999999845e-02
5.911199999999999788e-02
7.518600000000000283e-02
8.927300000000000513e-02
1.008229999999999960e-01
7.053700000000000248e-02
8.009999999999999542e-04
-2.864500000000000032e-02
-1.787899999999999906e-02
-4.477199999999999930e-02
-9.181499999999999384e-02
-1.020520000000000038e-01
-1.083680000000000060e-01
-1.255620000000000069e-01
-1.240939999999999960e-01
-1.005619999999999986e-01
-7.849399999999999433e-02
-8.401300000000000434e-02
-1.104190000000000033e-01
-1.274379999999999957e-01
-1.130929999999999991e-01
-7.826900000000000523e-02
-4.343500000000000139e-02
7.036999999999999852e-03
6.603199999999999348e-02
8.874200000000000144e-02
7.437699999999999867e-02
7.095999999999999530e-02
1.000769999999999993e-01
1.419060000000000044e-01
1.767160000000000120e-01
1.789669999999999872e-01
1.205569999999999975e-01
3.543500000000000122e-02
2.148500000000000063e-02
8.351400000000000490e-02
1.121850000000000069e-01
6.671799999999999953e-02
3.511999999999999931e-03
-1.796999999999999986e-02
6.957999999999999775e-03
4.481700000000000267e-02
7.219699999999999729e-02
6.010399999999999771e-02
6.686000000000000103e-03
-3.579000000000000237e-02
-3.640399999999999886e-02
-1.599700000000000080e-02
-5.534999999999999989e-03
4.054000000000000312e-03
2.514000000000000175e-03
-2.710100000000000009e-02
-7.083399999999999419e-02
-8.311399999999999344e-02
-5.568100000000000133e-02
-2.122500000000000081e-02
3.945999999999999855e-03
3.616400000000000170e-02
8.419999999999999707e-02
1.349049999999999971e-01
1.701880000000000059e-01
1.449969999999999870e-01
6.984400000000000330e-02
4.594399999999999873e-02
7.575400000000000189e-02
7.530299999999999494e-02
3.057700000000000001e-02
1.217999999999999899e-03
1.230400000000000070e-02
3.507199999999999901e-02
4.763799999999999979e-02
2.980700000000000016e-02
-1.637100000000000014e-02
-6.910099999999999576e-02
-1.163239999999999968e-01
-1.596650000000000014e-01
-2.007839999999999903e-01
-2.049839999999999995e-01
-1.484650000000000136e-01
-6.425200000000000355e-02
-1.398199999999999964e-02
-3.740500000000000075e-02
-7.444599999999999829e-02
-5.752399999999999874e-02
-3.984999999999999827e-03
3.769000000000000128e-02
2.000199999999999895e-02
-2.743999999999999911e-02
-2.722600000000000020e-02
2.243500000000000008e-02
7.343299999999999828e-02
6.909099999999999964e-02
1.437300000000000036e-02
-4.001000000000000216e-03
3.599900000000000322e-02
8.336499999999999466e-02
5.314399999999999680e-02
-3.608900000000000302e-02
-6.980999999999999706e-02
-3.400399999999999950e-02
5.509999999999999490e-04
-2.036599999999999869e-02
-7.510100000000000109e-02
-1.107039999999999969e-01
-9.196500000000000508e-02
-4.206200000000000216e-02
-2.497299999999999867e-02
-6.534299999999999831e-02
-9.511300000000000310e-02
-5.948799999999999921e-02
6.224000000000000365e-03
2.128000000000000030e-02
-1.934500000000000108e-02
-6.547100000000000142e-02
-9.304300000000000070e-02
-1.047180000000000055e-01
-1.126479999999999981e-01
-1.215050000000000019e-01
-1.173949999999999994e-01
-8.262799999999999312e-02
-2.836599999999999885e-02
6.971999999999999899e-03
-3.905000000000000051e-03
-3.332399999999999946e-02
-1.755500000000000116e-02
4.323400000000000160e-02
1.042000000000000010e-01
9.717900000000000149e-02
2.299599999999999908e-02
-3.833099999999999702e-02
-1.846700000000000078e-02
1.971499999999999989e-02
7.799999999999999859e-04
-5.066199999999999870e-02
-7.639600000000000557e-02
-2.992900000000000074e-02
5.743600000000000094e-02
8.902799999999999603e-02
4.394100000000000089e-02
-1.569399999999999962e-02
-4.260699999999999904e-02
-2.650900000000000131e-02
2.641000000000000118e-03
1.020000000000000073e-02
-3.872300000000000048e-02
-1.229699999999999960e-01
-1.764560000000000017e-01
-1.288719999999999866e-01
-1.294599999999999917e-02
6.101299999999999779e-02
3.125599999999999906e-02
-5.115900000000000308e-02
-1.113500000000000045e-01
-7.080500000000000682e-02
4.991899999999999810e-02
1.677309999999999912e-01
1.703419999999999934e-01
6.533300000000000218e-02
-3.418899999999999717e-02
-5.204500000000000098e-02
-1.287300000000000076e-02
-1.719899999999999901e-02
-2.600200000000000081e-02
1.494700000000000022e-02
4.257500000000000173e-02
2.112899999999999848e-02
1.579799999999999954e-02
7.084200000000000219e-02
1.518380000000000007e-01
1.704320000000000002e-01
1.014830000000000038e-01
4.400400000000000145e-02
7.265699999999999936e-02
1.497060000000000057e-01
2.079880000000000062e-01
1.822429999999999883e-01
8.954600000000000060e-02
-2.330000000000000040e-03
-4.511799999999999838e-02
-3.065400000000000069e-02
-3.854899999999999993e-02
-1.088760000000000006e-01
-1.999630000000000019e-01
-2.178440000000000099e-01
-1.587619999999999865e-01
-9.124300000000000466e-02
-5.276299999999999740e-02
-4.424899999999999667e-02
-3.762399999999999772e-02
-7.837999999999999481e-03
3.754699999999999704e-02
7.948600000000000110e-02
9.474599999999999689e-02
9.544199999999999906e-02
1.088350000000000012e-01
1.314259999999999873e-01
1.169489999999999974e-01
6.763600000000000168e-02
5.177999999999999964e-02
8.202600000000000169e-02
1.201720000000000010e-01
1.374900000000000011e-01
1.140789999999999998e-01
7.791800000000000115e-02
6.945300000000000085e-02
8.172799999999999510e-02
8.454499999999999515e-02
5.341499999999999720e-02
8.109999999999999805e-04
-4.995100000000000234e-02
-9.185799999999999521e-02
-1.107910000000000006e-01
-1.054080000000000017e-01
-9.366499999999999826e-02
-8.555100000000000204e-02
-9.385000000000000286e-02
-1.400289999999999868e-01
-1.856760000000000077e-01
-1.551899999999999946e-01
-6.361100000000000088e-02
1.824900000000000133e-02
1.052999999999999900e-03
-9.869200000000000195e-02
-1.610650000000000137e-01
-1.311219999999999886e-01
-5.939500000000000335e-02
-1.873599999999999918e-02
-2.785999999999999935e-02
-3.625699999999999756e-02
-4.752000000000000147e-03
-2.735000000000000018e-03
-5.831100000000000172e-02
-9.028100000000000014e-02
-6.653000000000000580e-02
-2.777500000000000108e-02
-1.433099999999999999e-02
-4.125899999999999707e-02
-8.679399999999999615e-02
-1.128360000000000057e-01
-8.467800000000000327e-02
-2.033499999999999891e-02
1.532700000000000035e-02
-1.633899999999999936e-02
-8.094600000000000406e-02
-8.369300000000000350e-02
-4.068999999999999700e-03
4.067599999999999688e-02
6.485999999999999578e-03
-2.191299999999999845e-02
-1.232399999999999989e-02
-5.774999999999999752e-03
-3.495999999999999976e-03
1.400500000000000009e-02
4.343500000000000139e-02
7.159999999999999698e-02
9.273499999999999799e-02
1.104470000000000035e-01
1.287780000000000036e-01
1.459159999999999902e-01
1.431949999999999890e-01
1.152719999999999995e-01
9.635900000000000021e-02
1.016719999999999985e-01
1.160479999999999984e-01
1.240860000000000019e-01
1.080760000000000054e-01
6.754999999999999893e-02
5.613499999999999740e-02
1.013600000000000056e-01
1.628209999999999935e-01
1.471000000000000085e-01
5.424199999999999855e-02
-2.678099999999999925e-02
-2.449899999999999994e-02
3.516899999999999887e-02
7.482600000000000362e-02
2.793800000000000103e-02
-3.986399999999999666e-02
-2.672799999999999829e-02
4.337400000000000283e-02
7.768700000000000605e-02
4.585700000000000193e-02
-3.893000000000000193e-03
-3.979300000000000198e-02
-4.802000000000000018e-02
-4.037299999999999917e-02
-3.224799999999999889e-02
-2.789600000000000066e-02
-2.322199999999999959e-02
-2.061500000000000138e-02
-2.921699999999999992e-02
-3.362400000000000111e-02
-5.139999999999999604e-03
4.636900000000000049e-02
9.813600000000000101e-02
1.402490000000000125e-01
1.651009999999999978e-01
1.633850000000000025e-01
1.479920000000000124e-01
1.349980000000000069e-01
1.398850000000000093e-01
1.573330000000000006e-01
1.713850000000000096e-01
1.246450000000000058e-01
3.226899999999999907e-02
-8.619999999999999191e-03
1.492300000000000050e-02
4.694000000000000256e-02
2.508300000000000113e-02
-2.929199999999999859e-02
-3.922099999999999892e-02
-9.389999999999999476e-04
4.161800000000000221e-02
5.111000000000000265e-02
2.325899999999999843e-02
-1.755500000000000116e-02
-5.099399999999999766e-02
-7.591799999999999937e-02
-1.052430000000000032e-01
-1.524840000000000084e-01
-2.109189999999999954e-01
-2.661439999999999917e-01
-3.040200000000000125e-01
-3.006909999999999861e-01
-2.650609999999999911e-01
-2.296009999999999995e-01
-2.044320000000000026e-01
-1.757759999999999878e-01
-1.263019999999999976e-01
-8.091900000000000481e-02
-7.451699999999999990e-02
-9.729300000000000448e-02
-1.197219999999999951e-01
-1.312089999999999923e-01
-1.371739999999999904e-01
-1.450100000000000000e-01
-1.539770000000000028e-01
-1.597069999999999879e-01
-1.170410000000000061e-01
-6.713000000000000217e-03
8.290400000000000547e-02
8.631300000000000083e-02
4.586099999999999899e-02
4.072300000000000225e-02
9.763299999999999756e-02
1.511869999999999881e-01
1.474739999999999940e-01
1.097400000000000042e-01
9.605700000000000349e-02
1.223800000000000027e-01
1.611380000000000035e-01
1.797420000000000129e-01
1.523629999999999984e-01
9.382999999999999674e-02
5.620300000000000296e-02
5.698000000000000287e-02
7.065000000000000446e-02
3.231900000000000051e-02
-2.678699999999999831e-02
-3.612100000000000033e-02
-2.947800000000000073e-02
-5.962200000000000139e-02
-8.432699999999999918e-02
-6.833699999999999497e-02
-3.560399999999999676e-02
-1.015399999999999983e-02
2.570000000000000127e-04
-6.279999999999999775e-04
-8.519000000000000530e-03
-2.581400000000000014e-02
-5.079000000000000181e-02
-7.618700000000000472e-02
-9.920099999999999751e-02
-1.207339999999999941e-01
-1.414880000000000027e-01
-1.608040000000000025e-01
-1.644160000000000066e-01
-1.437710000000000099e-01
-1.125609999999999944e-01
-8.369600000000000650e-02
-5.876300000000000273e-02
-3.304599999999999899e-02
-5.283000000000000369e-03
3.167600000000000277e-02
8.383799999999999586e-02
1.428010000000000113e-01
1.865759999999999919e-01
2.057279999999999942e-01
2.192169999999999952e-01
2.379419999999999868e-01
2.445360000000000034e-01
2.333060000000000134e-01
2.177030000000000076e-01
2.056659999999999877e-01
1.961710000000000120e-01
1.869020000000000126e-01
1.791760000000000019e-01
1.731479999999999964e-01
1.673340000000000105e-01
1.541540000000000132e-01
1.321960000000000079e-01
1.082510000000000000e-01
8.735999999999999321e-02
8.343499999999999528e-02
9.643799999999999595e-02
1.069470000000000004e-01
8.604599999999999749e-02
3.921000000000000180e-02
4.660000000000000080e-03
-5.895000000000000066e-03
-2.084599999999999995e-02
-7.412000000000000532e-02
-1.527910000000000101e-01
-2.042700000000000071e-01
-2.072039999999999993e-01
-1.952830000000000121e-01
-1.997780000000000111e-01
-2.117680000000000118e-01
-2.023840000000000083e-01
-1.740319999999999923e-01
-1.653540000000000010e-01
-1.867520000000000013e-01
-2.133460000000000079e-01
-2.331010000000000026e-01
-2.492399999999999893e-01
-2.637939999999999729e-01
-2.400680000000000036e-01
-1.730949999999999989e-01
-9.629699999999999371e-02
-1.602900000000000158e-02
4.592500000000000054e-02
7.036199999999999399e-02
9.370100000000000651e-02
1.382079999999999975e-01
1.907689999999999941e-01
2.349060000000000037e-01
2.450620000000000021e-01
1.955210000000000004e-01
1.338159999999999905e-01
1.119939999999999963e-01
1.165770000000000001e-01
1.021500000000000047e-01
6.092199999999999699e-02
2.460499999999999840e-02
1.780299999999999938e-02
1.882899999999999852e-02
3.428000000000000057e-03
-2.053299999999999917e-02
-2.849700000000000150e-02
-1.748100000000000001e-02
-1.441899999999999953e-02
-3.265799999999999953e-02
-6.045799999999999785e-02
-8.452199999999999991e-02
-1.043580000000000063e-01
-1.230890000000000040e-01
-1.422470000000000123e-01
-1.642180000000000029e-01
-1.867580000000000073e-01
-1.955119999999999914e-01
-1.797660000000000091e-01
-1.509890000000000121e-01
-1.308110000000000106e-01
-1.258549999999999947e-01
-1.113809999999999939e-01
-7.679500000000000215e-02
-3.932200000000000278e-02
-2.733400000000000066e-02
-2.834100000000000161e-02
-9.343999999999999875e-03
2.748300000000000048e-02
6.450999999999999790e-02
9.363699999999999801e-02
1.052990000000000037e-01
9.774199999999999555e-02
9.155599999999999850e-02
9.533400000000000207e-02
9.379400000000000237e-02
7.366799999999999737e-02
4.322600000000000053e-02
1.456400000000000056e-02
-8.521000000000000796e-03
-1.016799999999999995e-02
1.635700000000000001e-02
5.322999999999999954e-02
8.342700000000000116e-02
7.888399999999999579e-02
4.552799999999999903e-02
4.268399999999999972e-02
8.915499999999999814e-02
1.497640000000000082e-01
1.979029999999999956e-01
2.017079999999999984e-01
1.569000000000000117e-01
9.784600000000000242e-02
7.427799999999999681e-02
1.045819999999999944e-01
1.207069999999999949e-01
9.507699999999999485e-02
8.840699999999999947e-02
9.952300000000000035e-02
9.700899999999999801e-02
9.454200000000000104e-02
1.058660000000000018e-01
1.207329999999999931e-01
9.726799999999999335e-02
3.539799999999999891e-02
-5.069999999999999637e-04
1.683000000000000121e-02
5.404500000000000276e-02
6.783999999999999753e-02
4.808099999999999874e-02
3.325000000000000178e-02
4.323300000000000060e-02
6.147299999999999986e-02
7.275099999999999623e-02
5.960300000000000320e-02
2.012900000000000106e-02
-2.784000000000000016e-02
-7.036599999999999799e-02
-8.679800000000000015e-02
-9.419500000000000095e-02
-1.310719999999999941e-01
-1.913870000000000016e-01
-2.284319999999999962e-01
-1.933799999999999963e-01
-1.108669999999999933e-01
-5.883499999999999841e-02
-6.174999999999999933e-02
-7.857699999999999407e-02
-6.409800000000000220e-02
-3.087700000000000167e-02
-3.081199999999999911e-02
-5.752800000000000274e-02
-7.481100000000000250e-02
-7.843400000000000372e-02
-7.509299999999999309e-02
-5.618499999999999883e-02
-2.330899999999999986e-02
3.753999999999999958e-03
9.667000000000000245e-03
2.077999999999999986e-03
-5.173999999999999780e-03
-1.284000000000000072e-02
-2.580899999999999861e-02
-4.206800000000000123e-02
-5.703899999999999942e-02
-5.888700000000000184e-02
-2.995099999999999846e-02
1.880300000000000027e-02
5.442000000000000309e-02
7.123200000000000365e-02
8.366200000000000025e-02
9.005900000000000016e-02
6.250100000000000100e-02
1.197400000000000027e-02
-1.302500000000000012e-02
-1.855100000000000152e-02
-3.315200000000000091e-02
-5.759700000000000236e-02
-7.970499999999999807e-02
-7.924399999999999500e-02
-5.924499999999999905e-02
-3.763299999999999979e-02
-1.924000000000000016e-02
3.602000000000000167e-03
3.274200000000000027e-02
6.228199999999999709e-02
8.774099999999999955e-02
9.034499999999999476e-02
6.500599999999999434e-02
4.582300000000000262e-02
4.721100000000000296e-02
3.815899999999999848e-02
1.356999999999999916e-03
-3.213900000000000090e-02
-2.699899999999999869e-02
5.912999999999999853e-03
3.786300000000000082e-02
6.100400000000000267e-02
7.284000000000000197e-02
7.556000000000000216e-02
6.687099999999999989e-02
4.546000000000000041e-02
1.963700000000000168e-02
-7.910000000000000364e-04
-1.853700000000000139e-02
-4.594700000000000173e-02
-8.175699999999999634e-02
-1.113119999999999943e-01
-1.149140000000000023e-01
-9.806600000000000039e-02
-8.170600000000000085e-02
-7.211599999999999955e-02
-6.293600000000000583e-02
-4.700100000000000111e-02
-2.920100000000000126e-02
-2.735800000000000037e-02
-4.198999999999999955e-02
-5.855400000000000188e-02
-7.115000000000000491e-02
-8.166099999999999748e-02
-9.240600000000000203e-02
-1.025070000000000009e-01
-1.080760000000000054e-01
-1.057700000000000029e-01
-1.046519999999999950e-01
-1.189280000000000059e-01
-1.446369999999999878e-01
-1.546190000000000064e-01
-1.426240000000000008e-01
-1.251039999999999930e-01
-1.127240000000000048e-01
-1.108309999999999990e-01
-1.176650000000000057e-01
-1.261460000000000081e-01
-1.337810000000000110e-01
-1.390379999999999949e-01
-1.212469999999999937e-01
-7.223000000000000254e-02
-2.589800000000000088e-02
-2.370000000000000145e-03
1.002100000000000039e-02
2.508200000000000013e-02
4.190200000000000174e-02
5.093400000000000011e-02
4.833199999999999996e-02
2.879200000000000162e-02
-4.311999999999999861e-03
-3.781199999999999839e-02
-6.672100000000000253e-02
-6.870400000000000118e-02
-4.279100000000000265e-02
-1.023899999999999984e-02
2.196000000000000035e-02
7.091000000000000081e-02
1.369869999999999977e-01
1.992309999999999914e-01
2.262500000000000067e-01
2.326900000000000079e-01
2.478279999999999927e-01
2.691830000000000056e-01
2.640419999999999989e-01
1.973000000000000032e-01
1.003320000000000045e-01
3.797699999999999687e-02
1.547600000000000017e-02
-1.446999999999999936e-03
-2.728099999999999969e-02
-5.419199999999999712e-02
-6.162700000000000122e-02
-3.827500000000000346e-02
4.180000000000000230e-04
3.669700000000000045e-02
6.772400000000000642e-02
9.593899999999999650e-02
9.541700000000000181e-02
6.033700000000000174e-02
1.670999999999999916e-02
-2.036100000000000063e-02
-5.247500000000000081e-02
-8.455699999999999328e-02
-1.061629999999999935e-01
-9.579699999999999327e-02
-6.014400000000000301e-02
-2.334200000000000164e-02
5.049999999999999802e-03
2.062500000000000097e-02
2.810599999999999904e-02
4.291999999999999982e-02
6.926899999999999724e-02
9.367100000000000426e-02
8.761499999999999844e-02
5.392399999999999971e-02
3.214000000000000190e-02
3.287099999999999744e-02
2.990400000000000003e-02
1.119900000000000062e-02
-1.017700000000000028e-02
-5.669999999999999693e-03
2.990400000000000003e-02
7.278500000000000247e-02
1.096860000000000057e-01
1.420299999999999896e-01
1.735420000000000018e-01
1.833120000000000027e-01
1.710399999999999976e-01
1.654920000000000002e-01
1.731080000000000119e-01
1.661279999999999979e-01
1.370570000000000122e-01
1.033590000000000064e-01
8.082999999999999907e-02
7.532400000000000206e-02
7.748599999999999932e-02
5.891400000000000109e-02
1.241300000000000042e-02
-4.097599999999999854e-02
-7.491699999999999748e-02
-7.863000000000000544e-02
-7.574599999999999389e-02
-9.049899999999999611e-02
-1.179999999999999938e-01
-1.424090000000000078e-01
-1.602580000000000116e-01
-1.768609999999999904e-01
-1.948920000000000097e-01
-2.118609999999999938e-01
-2.169909999999999894e-01
-1.946170000000000122e-01
-1.540269999999999972e-01
-1.147859999999999991e-01
-9.135600000000000664e-02
-8.134299999999999864e-02
-6.749800000000000244e-02
-3.833299999999999902e-02
-5.399999999999999798e-05
3.544499999999999734e-02
5.469899999999999762e-02
5.217299999999999716e-02
3.962999999999999856e-02
2.526799999999999879e-02
2.008999999999999935e-03
-2.199800000000000019e-02
-1.844300000000000106e-02
9.468000000000000721e-03
2.409800000000000136e-02
1.367400000000000039e-02
2.939000000000000206e-03
9.750999999999999251e-03
2.719200000000000089e-02
4.202100000000000279e-02
4.955999999999999989e-02
4.873799999999999660e-02
4.395199999999999801e-02
4.297999999999999737e-02
4.950299999999999839e-02
5.877799999999999692e-02
6.170300000000000090e-02
4.725900000000000239e-02
2.058000000000000107e-02
-6.069999999999999875e-03
-2.891700000000000173e-02
-5.050700000000000328e-02
-7.199300000000000144e-02
-8.836299999999999710e-02
-9.462900000000000478e-02
-7.995499999999999829e-02
-3.851600000000000162e-02
1.468299999999999987e-02
6.155900000000000261e-02
8.160100000000000686e-02
7.909199999999999564e-02
7.192800000000000582e-02
5.559800000000000159e-02
2.735699999999999937e-02
-4.039000000000000055e-03
-3.268100000000000172e-02
-5.717799999999999966e-02
-5.993500000000000216e-02
-3.470299999999999774e-02
-3.860000000000000041e-04
3.019900000000000015e-02
5.641800000000000287e-02
8.055800000000000460e-02
7.202799999999999481e-02
2.749100000000000155e-02
-2.306899999999999923e-02
-6.030800000000000050e-02
-7.790800000000000503e-02
-8.519100000000000283e-02
-9.219700000000000117e-02
-9.345699999999999841e-02
-7.695100000000000551e-02
-4.747599999999999737e-02
-1.828899999999999970e-02
3.963999999999999642e-03
1.345599999999999921e-02
1.355899999999999987e-02
1.264499999999999999e-02
1.337700000000000000e-02
1.352300000000000030e-02
-8.649999999999999920e-04
-3.188699999999999868e-02
-6.544800000000000617e-02
-8.443100000000000604e-02
-7.528500000000000469e-02
-4.912699999999999706e-02
-2.218600000000000086e-02
4.792000000000000252e-03
3.518799999999999706e-02
6.650300000000000655e-02
9.466600000000000015e-02
9.639999999999999958e-02
7.182099999999999596e-02
5.324700000000000266e-02
5.739699999999999663e-02
6.871800000000000130e-02
6.887799999999999478e-02
6.365899999999999337e-02
6.928199999999999636e-02
8.586699999999999888e-02
1.026269999999999960e-01
1.102599999999999969e-01
1.084100000000000064e-01
1.075109999999999955e-01
1.131930000000000019e-01
1.218049999999999966e-01
1.285669999999999868e-01
1.337200000000000055e-01
1.374680000000000069e-01
1.375860000000000138e-01
1.321990000000000109e-01
1.180009999999999948e-01
9.710499999999999687e-02
7.607999999999999485e-02
5.534800000000000136e-02
3.152499999999999747e-02
5.780000000000000415e-03
-8.467000000000000567e-03
-6.655999999999999590e-03
7.240000000000000342e-04
6.063999999999999946e-03
8.885000000000000536e-03
1.023400000000000004e-02
1.043400000000000057e-02
1.040100000000000052e-02
1.006699999999999956e-02
6.549000000000000134e-03
-1.060700000000000011e-02
-3.964600000000000068e-02
-6.950299999999999534e-02
-9.551999999999999380e-02
-1.173860000000000042e-01
-1.336309999999999998e-01
-1.456359999999999877e-01
-1.564550000000000107e-01
-1.669839999999999935e-01
-1.709700000000000109e-01
-1.660719999999999974e-01
-1.578320000000000001e-01
-1.479650000000000132e-01
-1.336910000000000043e-01
-1.159599999999999936e-01
-9.819600000000000550e-02
-8.148099999999999787e-02
-5.916199999999999931e-02
-2.948500000000000079e-02
1.613000000000000067e-03
3.010799999999999935e-02
5.176300000000000345e-02
5.251600000000000018e-02
3.476400000000000323e-02
1.487699999999999960e-02
-9.959999999999999236e-04
-1.491999999999999924e-02
-2.972699999999999995e-02
-4.426599999999999979e-02
-5.226700000000000096e-02
-4.525599999999999762e-02
-2.823000000000000162e-02
-1.189600000000000032e-02
1.099999999999999971e-05
1.017700000000000028e-02
2.116000000000000172e-02
3.264199999999999741e-02
3.839999999999999664e-02
3.721700000000000008e-02
3.420299999999999729e-02
3.224599999999999689e-02
3.076900000000000121e-02
2.488800000000000040e-02
9.013999999999999443e-03
-1.346600000000000054e-02
-3.543799999999999728e-02
-5.414299999999999669e-02
-5.777999999999999803e-02
-4.268399999999999972e-02
-2.156599999999999837e-02
-9.731000000000000066e-03
-1.378899999999999917e-02
-1.849800000000000055e-02
-1.221999999999999996e-02
-3.370000000000000057e-04
9.797999999999999418e-03
1.738699999999999968e-02
2.301900000000000127e-02
2.466600000000000042e-02
2.279799999999999882e-02
2.005399999999999891e-02
1.329100000000000073e-02
-9.500000000000000523e-05
-1.654200000000000115e-02
-3.209499999999999853e-02
-4.610700000000000215e-02
-5.957599999999999701e-02
-7.285800000000000609e-02
-8.542299999999999893e-02
-9.346699999999999453e-02
-9.171999999999999598e-02
-8.491300000000000237e-02
-8.257299999999999363e-02
-8.529499999999999582e-02
-8.842400000000000260e-02
-9.002000000000000279e-02
-9.053400000000000336e-02
-8.174800000000000122e-02
-5.859999999999999931e-02
-2.919499999999999873e-02
-1.583999999999999905e-03
2.314400000000000138e-02
4.693100000000000049e-02
6.683500000000000552e-02
7.629600000000000271e-02
7.141699999999999438e-02
5.445200000000000040e-02
3.309499999999999942e-02
1.374900000000000080e-02
5.475999999999999965e-03
1.687699999999999964e-02
3.996899999999999759e-02
6.151700000000000224e-02
7.091400000000000481e-02
7.090299999999999381e-02
7.201699999999999768e-02
8.031099999999999350e-02
9.295200000000000684e-02
1.041990000000000000e-01
1.048339999999999966e-01
9.136600000000000277e-02
7.240499999999999714e-02
5.488500000000000323e-02
3.655200000000000116e-02
1.423699999999999966e-02
-9.268999999999999462e-03
-2.860899999999999901e-02
-4.019699999999999662e-02
-4.738900000000000057e-02
-5.254400000000000043e-02
-5.481400000000000161e-02
-5.433000000000000329e-02
-5.281299999999999883e-02
-4.259000000000000286e-02
-2.268799999999999983e-02
-1.459999999999999926e-03
1.123399999999999919e-02
1.494200000000000042e-02
1.815299999999999900e-02
2.607100000000000042e-02
3.688899999999999818e-02
4.673000000000000070e-02
5.424999999999999961e-02
5.570100000000000051e-02
5.909699999999999676e-02
6.968299999999999494e-02
7.746599999999999320e-02
7.327699999999999492e-02
6.119299999999999740e-02
5.183200000000000307e-02
5.126900000000000207e-02
5.586399999999999699e-02
5.068299999999999889e-02
3.386999999999999733e-02
1.526300000000000053e-02
-1.359999999999999989e-04
-1.304600000000000030e-02
-1.955900000000000000e-02
-1.945300000000000154e-02
-1.783200000000000063e-02
-1.744800000000000170e-02
-2.054900000000000129e-02
-2.826599999999999946e-02
-3.828600000000000059e-02
-4.791499999999999926e-02
-5.657199999999999729e-02
-6.455500000000000127e-02
-6.724800000000000222e-02
-6.172400000000000109e-02
-5.235800000000000176e-02
-4.365800000000000236e-02
-3.626399999999999763e-02
-2.904299999999999937e-02
-2.160300000000000067e-02
-1.467899999999999934e-02
-1.314500000000000043e-02
-2.066099999999999881e-02
-3.287199999999999844e-02
-4.404700000000000282e-02
-4.743700000000000000e-02
-4.304800000000000293e-02
-3.694200000000000261e-02
-3.208300000000000041e-02
-2.765899999999999956e-02
-2.260399999999999909e-02
-1.734000000000000125e-02
-1.241899999999999948e-02
-7.877000000000000321e-03
-4.658999999999999947e-03
-1.073700000000000002e-02
-2.554400000000000073e-02
-2.989899999999999849e-02
-1.770899999999999905e-02
-1.356999999999999916e-03
1.010999999999999920e-02
1.581300000000000067e-02
2.077199999999999880e-02
2.692299999999999902e-02
3.303600000000000286e-02
3.800599999999999812e-02
3.847099999999999825e-02
3.353899999999999937e-02
2.655899999999999928e-02
1.917800000000000060e-02
9.022999999999999771e-03
-3.970999999999999704e-03
-1.606399999999999842e-02
-1.837499999999999897e-02
-1.080200000000000084e-02
1.080000000000000014e-03
1.399000000000000070e-02
2.608100000000000002e-02
3.678499999999999825e-02
4.262300000000000116e-02
4.412200000000000150e-02
4.460000000000000075e-02
4.580399999999999749e-02
4.711200000000000110e-02
4.806599999999999762e-02
4.960200000000000026e-02
5.256000000000000255e-02
5.603899999999999854e-02
5.920099999999999668e-02
6.188699999999999757e-02
6.399399999999999533e-02
6.052300000000000041e-02
4.753299999999999886e-02
2.948399999999999979e-02
1.238099999999999964e-02
-2.569999999999999802e-03
-1.669800000000000104e-02
-3.042999999999999872e-02
-4.050700000000000134e-02
-4.634400000000000325e-02
-5.087300000000000155e-02
-5.565900000000000014e-02
-6.025400000000000200e-02
-6.111699999999999772e-02
-5.596799999999999692e-02
-4.773100000000000259e-02
-4.010400000000000076e-02
-3.449699999999999989e-02
-3.721900000000000208e-02
-4.785999999999999976e-02
-5.937599999999999822e-02
-6.862400000000000444e-02
-7.449600000000000666e-02
-7.084100000000000119e-02
-5.840599999999999958e-02
-4.506899999999999795e-02
-3.389000000000000346e-02
-2.414300000000000126e-02
-1.511299999999999970e-02
-7.853999999999999870e-03
-1.990000000000000015e-03
3.230999999999999931e-03
8.416999999999999135e-03
1.328099999999999940e-02
1.781599999999999850e-02
2.191999999999999851e-02
2.573999999999999899e-02
2.816499999999999906e-02
2.934600000000000056e-02
3.005199999999999885e-02
3.083400000000000030e-02
3.150800000000000128e-02
3.215699999999999809e-02
3.287500000000000144e-02
3.381800000000000084e-02
3.459899999999999781e-02
3.523199999999999943e-02
3.517900000000000194e-02
3.377299999999999747e-02
3.123599999999999988e-02
2.878899999999999862e-02
2.656800000000000134e-02
2.452400000000000066e-02
2.173599999999999838e-02
1.831199999999999842e-02
1.474899999999999996e-02
1.162700000000000018e-02
8.588999999999999413e-03
4.250999999999999571e-03
-4.006000000000000012e-03
-1.460900000000000046e-02
-2.474300000000000110e-02
-3.320200000000000234e-02
-4.093000000000000110e-02
-4.799199999999999994e-02
-5.362100000000000199e-02
-4.535200000000000342e-02
-3.167400000000000077e-02
-2.598400000000000015e-02
-2.523900000000000102e-02
-2.399599999999999997e-02
-2.085100000000000148e-02
-1.792099999999999943e-02
-1.632000000000000117e-02
-1.601800000000000099e-02
-1.593899999999999831e-02
-1.570099999999999968e-02
-1.487499999999999933e-02
-1.082699999999999982e-02
-3.684999999999999908e-03
3.465000000000000198e-03
9.502999999999999295e-03
1.465900000000000016e-02
1.956000000000000100e-02
2.408100000000000171e-02
2.810500000000000151e-02
3.155100000000000265e-02
3.446199999999999958e-02
3.567900000000000238e-02
3.439500000000000196e-02
3.173700000000000132e-02
2.921199999999999838e-02
2.710299999999999862e-02
2.516099999999999934e-02
2.356400000000000161e-02
2.247700000000000045e-02
2.150200000000000028e-02
2.044299999999999937e-02
1.924899999999999875e-02
1.734700000000000131e-02
1.416500000000000051e-02
1.046500000000000034e-02
7.139000000000000380e-03
4.460000000000000422e-03
2.576000000000000165e-03
1.327000000000000055e-03
2.770000000000000110e-04
-6.759999999999999516e-04
-1.361999999999999929e-03
-1.466999999999999988e-03
-1.199999999999999895e-03
-7.990000000000000140e-04
-3.699999999999999947e-04
3.899999999999999929e-05
4.049999999999999781e-04
9.259999999999999568e-04
1.691999999999999928e-03
2.482999999999999964e-03
3.088000000000000033e-03
3.511999999999999931e-03
3.807000000000000054e-03
3.980000000000000031e-03
3.930000000000000333e-03
2.651999999999999844e-03
3.150000000000000131e-04
-1.881000000000000076e-03
-3.513000000000000064e-03
-4.742999999999999820e-03
-5.795999999999999937e-03
-6.642000000000000334e-03
-7.224000000000000386e-03
-7.100000000000000408e-03
-5.900999999999999995e-03
-4.190000000000000148e-03
-2.739999999999999814e-03
-1.677000000000000105e-03
-8.499999999999999526e-04
-1.559999999999999972e-04
3.629999999999999872e-04
6.830000000000000134e-04
7.690000000000000438e-04
6.800000000000000488e-04
2.610000000000000015e-04
-4.789999999999999879e-04
-1.237999999999999951e-03
-1.544000000000000017e-03
-1.435999999999999993e-03
-1.479000000000000063e-03
-1.812000000000000026e-03
-2.183000000000000045e-03
-2.458000000000000115e-03
-2.673000000000000029e-03
-2.867000000000000191e-03
-3.020000000000000115e-03
-3.138000000000000164e-03
-3.245000000000000055e-03
-3.354999999999999909e-03
-3.461000000000000101e-03
-3.556999999999999832e-03
-3.637000000000000042e-03
-3.703000000000000128e-03
-3.752999999999999826e-03
-3.788000000000000134e-03
-3.804000000000000090e-03
-3.802999999999999957e-03
-3.779999999999999940e-03
-3.736000000000000171e-03
-3.677999999999999846e-03
-3.621999999999999786e-03
-3.559000000000000098e-03
-3.472999999999999959e-03
-3.357999999999999874e-03
-3.220000000000000206e-03
-3.063999999999999883e-03
-2.895000000000000004e-03
-2.712000000000000001e-03
-2.520000000000000104e-03
-2.320000000000000014e-03
-2.115999999999999825e-03
-1.909000000000000107e-03
-1.701000000000000038e-03
-1.490999999999999921e-03
-1.281999999999999936e-03
-1.072999999999999952e-03
-8.639999999999999677e-04
-6.570000000000000319e-04
-4.530000000000000064e-04
-2.509999999999999753e-04
-5.199999999999999680e-05
1.430000000000000064e-04
3.339999999999999870e-04
5.220000000000000031e-04
